[{"id": 0, "img_name": "0001", "width": 1266, "height": 711, "position": [8.980044859324908, 0.06739414214596436, 1.731169853482412], "rotation": [[-0.09796062953553704, 0.17587480839485461, -0.9795262971625999], [0.03164990384967518, 0.9843129991247136, 0.17356901607262099], [0.9946868847267, -0.013998983041086896, -0.10199034182954668]], "fy": 1221.7166605930124, "fx": 1211.415136801995}, {"id": 1, "img_name": "0002", "width": 1266, "height": 711, "position": [8.81208964650387, 0.06208218405322636, 1.801555088780765], "rotation": [[-0.15199565354860195, 0.16786502776974999, -0.9740218959316027], [0.03573094514806057, 0.9857609972623993, 0.16431237273883512], [0.9877350965016679, -0.009827956455981307, -0.15582936312113865]], "fy": 1221.7166605930124, "fx": 1211.415136801995}, {"id": 2, "img_name": "0003", "width": 1266, "height": 711, "position": [8.434545656372421, 0.04935564254853509, 1.9365056876730653], "rotation": [[-0.23844011177247162, 0.158806823058187, -0.9580849158859025], [0.015719901469584237, 0.9870413532785074, 0.15969424415400585], [0.9710299675065223, 0.023016512948280242, -0.23784667821095135]], "fy": 1221.7166605930124, "fx": 1211.415136801995}, {"id": 3, "img_name": "0004", "width": 1266, "height": 711, "position": [8.277892484076222, 0.052005876234003455, 2.009757164389721], "rotation": [[-0.2721810987046784, 0.15922205476954854, -0.9489814470172097], [0.023340988341917907, 0.9870172469372464, 0.15890925873479192], [0.9619629139271102, 0.021101931745256597, -0.2723638388359989]], "fy": 1221.7166605930124, "fx": 1211.415136801995}, {"id": 4, "img_name": "0005", "width": 1266, "height": 711, "position": [8.191704196501759, 0.04356254507575836, 2.066090398118539], "rotation": [[-0.30608908702346, 0.15895936803864935, -0.9386380506446017], [0.025540083908937056, 0.9869776210592149, 0.15881712641342358], [0.95166022030926, 0.02463929465399004, -0.3061629145404202]], "fy": 1221.7166605930124, "fx": 1211.415136801995}, {"id": 5, "img_name": "0006", "width": 1266, "height": 711, "position": [8.011490017664528, 0.046303723413086306, 2.1436026428181316], "rotation": [[-0.33146322272422735, 0.16890541672114268, -0.9282257765131964], [0.027709621071573768, 0.9851627349122487, 0.16937107970455928], [0.9430611374037946, 0.030419499379107238, -0.33122552011610684]], "fy": 1221.7166605930124, "fx": 1211.415136801995}, {"id": 6, "img_name": "0007", "width": 1266, "height": 711, "position": [7.725921234279426, 0.029768265853638995, 2.296747833864267], "rotation": [[-0.407370584808577, 0.15764582975869734, -0.8995537777100427], [0.025917160938154472, 0.986587671406147, 0.16116161887466285], [0.9128951239883052, 0.04233862290023244, -0.40599252900673943]], "fy": 1221.7166605930124, "fx": 1211.415136801995}, {"id": 7, "img_name": "0008", "width": 1266, "height": 711, "position": [7.656559926821905, 0.019226821436871766, 2.332445862605146], "rotation": [[-0.4468658431024375, 0.15280552408622575, -0.8814541338476329], [0.020277281812894676, 0.9867811779403801, 0.16078475893217187], [0.8943711478522925, 0.05397572298107778, -0.44405728371240766]], "fy": 1221.7166605930124, "fx": 1211.415136801995}, {"id": 8, "img_name": "0009", "width": 1266, "height": 711, "position": [7.499562641642313, 0.03419028794336136, 2.361764192433812], "rotation": [[-0.4804279900716117, 0.14522917173694755, -0.864926259303272], [0.00764359192068859, 0.9868503615005226, 0.16145568899496104], [0.8770008676496853, 0.07095668878187453, -0.47522060820087647]], "fy": 1221.7166605930124, "fx": 1211.415136801995}, {"id": 9, "img_name": "0010", "width": 1266, "height": 711, "position": [7.268165798171646, 0.02950898250733623, 2.40098905003353], "rotation": [[-0.54961068518286, 0.14221640611537154, -0.8232269362481125], [0.011721075371336123, 0.9866194955829584, 0.16261791822480096], [0.8353386804913118, 0.07972744049106496, -0.5439235461972364]], "fy": 1221.7166605930124, "fx": 1211.415136801995}, {"id": 10, "img_name": "0011", "width": 1266, "height": 711, "position": [7.055913533429714, 0.02277395743995395, 2.4308621542741737], "rotation": [[-0.6834649973108469, 0.1495667370136539, -0.7144965980534632], [0.01798976428251406, 0.9819386529862504, 0.18834237481939045], [0.729761581499015, 0.11587179531981318, -0.6738113691660447]], "fy": 1221.7166605930124, "fx": 1211.415136801995}, {"id": 11, "img_name": "0012", "width": 1266, "height": 711, "position": [6.972075445974796, 0.028987033539300138, 2.4045891457751565], "rotation": [[-0.6929032256839388, 0.1441710566192507, -0.7064699754908774], [0.005354995209907251, 0.9808077686648583, 0.19490368121963225], [0.7210107099503404, 0.13126624608006043, -0.6803769020013499]], "fy": 1221.7166605930124, "fx": 1211.415136801995}, {"id": 12, "img_name": "0013", "width": 1266, "height": 711, "position": [6.731727981372367, 0.02986025136237002, 2.3539892456645015], "rotation": [[-0.7345337056357297, 0.15440125859515452, -0.6607726436750199], [0.01905674972151185, 0.9780787663053624, 0.20736144094944936], [0.678304559600696, 0.13972178873322705, -0.7213742067596349]], "fy": 1221.7166605930124, "fx": 1211.415136801995}, {"id": 13, "img_name": "0014", "width": 1266, "height": 711, "position": [6.563353722845914, 0.018287847347461823, 2.3289072853318324], "rotation": [[-0.776633343990736, 0.16266832895510383, -0.6085882546982989], [0.025265629145224157, 0.9733512864194565, 0.22792305984582809], [0.6294460238858162, 0.16163628299531965, -0.7600469821226801]], "fy": 1221.7166605930124, "fx": 1211.415136801995}, {"id": 14, "img_name": "0015", "width": 1266, "height": 711, "position": [6.393988367605114, 0.026720880552279395, 2.245549028939528], "rotation": [[-0.7868688314530922, 0.1707946763592372, -0.5930148569934723], [0.03013630616060858, 0.9704271225589961, 0.23950574701426453], [0.6163840078543887, 0.17058832999126952, -0.7687459765957481]], "fy": 1221.7166605930124, "fx": 1211.415136801995}, {"id": 15, "img_name": "0016", "width": 1266, "height": 711, "position": [6.129836340023741, 0.018050560705076997, 2.1338763577558764], "rotation": [[-0.892792815180405, 0.1549073531740976, -0.4229949185213014], [0.054098458685077365, 0.969087679803595, 0.240712329598597], [0.4472072740130085, 0.1920228652673427, -0.8735747668542021]], "fy": 1221.7166605930124, "fx": 1211.415136801995}, {"id": 16, "img_name": "0017", "width": 1266, "height": 711, "position": [6.073643721306929, 0.02061384163195121, 2.0967227121992456], "rotation": [[-0.9259072676539706, 0.1368725136132464, -0.3520818750273145], [0.05122885922880332, 0.9689345940148896, 0.24195321139285664], [0.37426105285972955, 0.2059894840480761, -0.9041554052119212]], "fy": 1221.7166605930124, "fx": 1211.415136801995}, {"id": 17, "img_name": "0018", "width": 1266, "height": 711, "position": [5.942991256033861, 0.01460416976832833, 2.0115920655031463], "rotation": [[-0.9391372993498691, 0.11583120920757692, -0.32342582448429064], [0.036275699354440014, 0.9696171686840165, 0.24192275591505993], [0.34162143756822244, 0.2154661856688931, -0.9148055073222493]], "fy": 1221.7166605930124, "fx": 1211.415136801995}, {"id": 18, "img_name": "0019", "width": 1266, "height": 711, "position": [5.656310911266798, 0.02138108023803929, 1.910246726965198], "rotation": [[-0.9607166413468713, 0.07022396819578358, -0.268499775288592], [0.004883996711897919, 0.9715862863871803, 0.23663523550073026], [0.27748816482024047, 0.22602805665493275, -0.9337620874663357]], "fy": 1221.7166605930124, "fx": 1211.415136801995}, {"id": 19, "img_name": "0020", "width": 1266, "height": 711, "position": [5.523930439877808, 0.029865492584904636, 1.8310819424605072], "rotation": [[-0.958250708941796, 0.06456582319080044, -0.2785441316707991], [-0.004046267645018249, 0.9710116176502719, 0.23899804623960244], [0.285900693477106, 0.23014711135249244, -0.9302113204027421]], "fy": 1221.7166605930124, "fx": 1211.415136801995}, {"id": 20, "img_name": "0021", "width": 1266, "height": 711, "position": [5.324619378559236, 0.03276290172480714, 1.7747965405949333], "rotation": [[-0.9420987363803419, 0.10521420886328318, -0.3184021689056713], [0.0263133706040008, 0.9697699387736661, 0.24259817059981453], [0.33430162643639455, 0.22017319569873542, -0.9163875743689383]], "fy": 1221.7166605930124, "fx": 1211.415136801995}, {"id": 21, "img_name": "0022", "width": 1266, "height": 711, "position": [5.308825785727188, 0.03182070336365762, 1.7708647842834924], "rotation": [[-0.9388424071985078, 0.10655613922256298, -0.32744575678987287], [0.024923815214627956, 0.9694512966547304, 0.24401431689474468], [0.34344393702736675, 0.22092979112931688, -0.9128177745370091]], "fy": 1221.7166605930124, "fx": 1211.415136801995}, {"id": 22, "img_name": "0023", "width": 1266, "height": 711, "position": [5.159456671478512, 0.025798535051799003, 1.723175766512522], "rotation": [[-0.872381593805652, 0.14043583390582853, -0.46821803825171476], [0.016546953256493503, 0.9657778921419394, 0.25884215535302535], [0.4885453439825592, 0.21806155003816435, -0.8448506419882247]], "fy": 1221.7166605930124, "fx": 1211.415136801995}, {"id": 23, "img_name": "0024", "width": 1266, "height": 711, "position": [4.894414442813031, 0.026504729245296572, 1.5816692111084025], "rotation": [[-0.7550018764560126, 0.20915945121468504, -0.6214696215548035], [0.055890326823016506, 0.9648407861976988, 0.2568239253983612], [0.6533363895540452, 0.15916840533528753, -0.7401465941470688]], "fy": 1221.7166605930124, "fx": 1211.415136801995}, {"id": 24, "img_name": "0025", "width": 1266, "height": 711, "position": [4.759261162485228, 0.023795062025718378, 1.5125498554675476], "rotation": [[-0.7314297728593392, 0.2163731401228788, -0.6466785535397789], [0.059515244706069996, 0.9649614978099317, 0.2555528191822384], [0.6793146715790204, 0.14843170812794113, -0.71867906954336]], "fy": 1221.7166605930124, "fx": 1211.415136801995}, {"id": 25, "img_name": "0026", "width": 1266, "height": 711, "position": [4.706634420924225, 0.02985321900812099, 1.4549113309049417], "rotation": [[-0.7028496920775249, 0.22023226230333595, -0.6763875080065294], [0.05329280547937099, 0.9644964221487015, 0.2586629632291636], [0.709339261024417, 0.14575459616460937, -0.6896328084323029]], "fy": 1221.7166605930124, "fx": 1211.415136801995}, {"id": 26, "img_name": "0027", "width": 1266, "height": 711, "position": [4.568789927563172, 0.017820916117679355, 1.3191062451425308], "rotation": [[-0.6525925224764851, 0.23078923787394282, -0.7217058454033347], [0.06610458831185848, 0.9661937999699356, 0.24919816272150955], [0.7548199672848468, 0.11491678981428638, -0.6457870766799854]], "fy": 1221.7166605930124, "fx": 1211.415136801995}, {"id": 27, "img_name": "0028", "width": 1266, "height": 711, "position": [4.420322045312019, 0.017459490454139994, 1.1802303267268501], "rotation": [[-0.6925255754111064, 0.1999444070688521, -0.6931309843625523], [0.03907775185840885, 0.969809361304148, 0.24071296607481046], [0.720334128520375, 0.13961388472757782, -0.6794311639011461]], "fy": 1221.7166605930124, "fx": 1211.415136801995}, {"id": 28, "img_name": "0029", "width": 1266, "height": 711, "position": [4.380796988067663, 0.026023083691547322, 1.1155159675738768], "rotation": [[-0.7036991991411935, 0.18564814610221253, -0.6858149917994315], [0.023898375371959397, 0.9708980675097446, 0.23829773427463438], [0.7100959827957228, 0.15130006065648113, -0.6876568816369988]], "fy": 1221.7166605930124, "fx": 1211.415136801995}, {"id": 29, "img_name": "0030", "width": 1266, "height": 711, "position": [4.305952591796114, 0.015822995782759766, 1.010605629954432], "rotation": [[-0.7033319629931435, 0.1848974248524021, -0.6863942687079793], [0.02845527405037498, 0.9721298082228319, 0.23270997688831102], [0.7102918042684494, 0.14414082783025262, -0.6889912731968961]], "fy": 1221.7166605930124, "fx": 1211.415136801995}, {"id": 30, "img_name": "0031", "width": 1266, "height": 711, "position": [4.117952227250022, 0.018070233479107477, 0.8596366762600738], "rotation": [[-0.6874473434036634, 0.17319631758807505, -0.7052795088623914], [0.012192857864525406, 0.9737617003545249, 0.22724322902951424], [0.726131864239782, 0.1476183812964884, -0.671521652099963]], "fy": 1221.7166605930124, "fx": 1211.415136801995}, {"id": 31, "img_name": "0032", "width": 1266, "height": 711, "position": [4.052089620014671, 0.014466028491292663, 0.7786845306021861], "rotation": [[-0.5911467253061528, 0.17879646801892524, -0.7864968990299764], [-0.007962459444371621, 0.9737790263487824, 0.227356563755731], [0.8065247351441915, 0.1406635378027102, -0.5742226229724989]], "fy": 1221.7166605930124, "fx": 1211.415136801995}, {"id": 32, "img_name": "0033", "width": 1266, "height": 711, "position": [4.016416659002814, 0.016069160535077575, 0.7474629524606264], "rotation": [[-0.5643863058038068, 0.19116041136630504, -0.8030727208337962], [0.005129364085846406, 0.973612433657488, 0.2281502107200833], [0.825494874269493, 0.12464560222410012, -0.5504740560653015]], "fy": 1221.7166605930124, "fx": 1211.415136801995}, {"id": 33, "img_name": "0034", "width": 1266, "height": 711, "position": [3.864610937107116, 0.015439911442045161, 0.6654871060370878], "rotation": [[-0.5542880239919636, 0.1997929719607136, -0.8079898234595466], [0.014937371289968056, 0.9729939840992867, 0.2303466558158443], [0.8321908803862427, 0.11560914869379031, -0.5423032946057651]], "fy": 1221.7166605930124, "fx": 1211.415136801995}, {"id": 34, "img_name": "0035", "width": 1266, "height": 711, "position": [3.789587517528416, 0.020107453390760165, 0.5323713926329502], "rotation": [[-0.606217087378148, 0.1973525182798698, -0.7704237966855307], [0.0007419939282593002, 0.9688618642210821, 0.24760076232326061], [0.7952988698695382, 0.1495281631888891, -0.5874870517701574]], "fy": 1221.7166605930124, "fx": 1211.415136801995}, {"id": 35, "img_name": "0036", "width": 1266, "height": 711, "position": [3.772334176221166, 0.013082047909282928, 0.48683169733086745], "rotation": [[-0.6271996098282168, 0.1952947075354775, -0.7539765424998077], [0.003950095214181379, 0.9688383854816315, 0.24766222878175043], [0.7788485386640532, 0.15235537412896696, -0.6084264900502698]], "fy": 1221.7166605930124, "fx": 1211.415136801995}, {"id": 36, "img_name": "0037", "width": 1266, "height": 711, "position": [3.717654831490127, 0.019883494974334157, 0.4034409655753303], "rotation": [[-0.6976145434351626, 0.19329352570873473, -0.689906922495227], [0.020293900689398, 0.9678651952594967, 0.2506493993611499], [0.7161858043710146, 0.1608557637275801, -0.6791195159123751]], "fy": 1221.7166605930124, "fx": 1211.415136801995}, {"id": 37, "img_name": "0038", "width": 1266, "height": 711, "position": [3.622724335939194, 0.01603571893423508, 0.20178311181546893], "rotation": [[-0.7876695356013989, 0.14617164945048114, -0.598506935283461], [-0.020714523567287306, 0.9646152088232045, 0.2628467375113218], [0.6157496335352994, 0.21943415368599997, -0.7567701374904087]], "fy": 1221.7166605930124, "fx": 1211.415136801995}, {"id": 38, "img_name": "0039", "width": 1266, "height": 711, "position": [3.6145167822232573, 0.0034147594000838383, 0.09269856136906442], "rotation": [[-0.7874978221138498, 0.14840405762863593, -0.5981834299320735], [-0.01813349553372747, 0.9645775042488032, 0.26317563458055565], [0.6160506119676139, 0.21809739562064098, -0.7569115995397492]], "fy": 1221.7166605930124, "fx": 1211.415136801995}, {"id": 39, "img_name": "0040", "width": 1266, "height": 711, "position": [3.5771480586172535, 0.015053345405678696, -0.020945851137396138], "rotation": [[-0.7872050557418246, 0.15130155183371968, -0.5978428226776824], [-0.016109416323659618, 0.9640600891293283, 0.2651954585841593], [0.616480889339014, 0.21839410468384854, -0.7564755965126162]], "fy": 1221.7166605930124, "fx": 1211.415136801995}, {"id": 40, "img_name": "0041", "width": 1266, "height": 711, "position": [3.551345119665945, 0.011311269934628653, -0.08749388492488956], "rotation": [[-0.7871151118525104, 0.15183195474533556, -0.5978267794366696], [-0.01598177046999052, 0.9638839401995942, 0.26584268437922026], [0.6165990461442951, 0.21880312462009208, -0.756261071952292]], "fy": 1221.7166605930124, "fx": 1211.415136801995}, {"id": 41, "img_name": "0042", "width": 1266, "height": 711, "position": [3.5146404134181126, 0.013914778944885386, -0.2847560669051524], "rotation": [[-0.7466574740496571, 0.15676805355080456, -0.6464722684165788], [-0.03454038073561912, 0.9613860615836974, 0.2730271098100432], [0.664311356627616, 0.22618713044397323, -0.7124112600718049]], "fy": 1221.7166605930124, "fx": 1211.415136801995}, {"id": 42, "img_name": "0043", "width": 1266, "height": 711, "position": [3.492721053193129, 0.010181972974201307, -0.3840751159035322], "rotation": [[-0.7069748611497917, 0.1919813271172549, -0.6806832712359916], [-0.017558572783273375, 0.957390795858463, 0.28826127129275175], [0.7070206801954575, 0.2157452990074093, -0.6734803068629076]], "fy": 1221.7166605930124, "fx": 1211.415136801995}, {"id": 43, "img_name": "0044", "width": 1266, "height": 711, "position": [3.4249370259937213, 0.010313014493007928, -0.49342479972268033], "rotation": [[-0.680031151199805, 0.21522984519037497, -0.7008806939395567], [-0.004312454911649673, 0.9547513772168782, 0.297373856340986], [0.7331705368674482, 0.20524600225534634, -0.648332509155368]], "fy": 1221.7166605930124, "fx": 1211.415136801995}, {"id": 44, "img_name": "0045", "width": 1266, "height": 711, "position": [3.380966008555413, 0.010328694593858434, -0.6701072538475322], "rotation": [[-0.597068094517109, 0.23588333565251832, -0.7667259891715877], [-0.01960251962568123, 0.9512147324431727, 0.30790627471259496], [0.8019510157946261, 0.1988707739827665, -0.563316060059947]], "fy": 1221.7166605930124, "fx": 1211.415136801995}, {"id": 45, "img_name": "0046", "width": 1266, "height": 711, "position": [3.2799818636529867, 0.013377344309655835, -0.8575604341559692], "rotation": [[-0.4434543960006427, 0.2959279645838955, -0.8460347737799773], [-5.292039280155128e-05, 0.9439137738913046, 0.3301920420871881], [0.8962969350985959, 0.14646988508054506, -0.4185670518535288]], "fy": 1221.7166605930124, "fx": 1211.415136801995}, {"id": 46, "img_name": "0047", "width": 1266, "height": 711, "position": [3.2284833407950093, -0.00018115464780984748, -0.9158054756305356], "rotation": [[-0.4087657736133031, 0.30650892096031246, -0.8596294688376278], [0.00954205371499286, 0.9432997489723942, 0.33180496198748777], [0.9125894430318693, 0.12742788140890873, -0.3885133762258631]], "fy": 1221.7166605930124, "fx": 1211.415136801995}, {"id": 47, "img_name": "0048", "width": 1266, "height": 711, "position": [3.165782820919926, 0.005500500354902185, -1.0271616669137817], "rotation": [[-0.33100885287928455, 0.31699922805567515, -0.8887882924114412], [0.0029722971724141225, 0.9422301245474032, 0.3349530681228402], [0.9436229674849262, 0.10823068791932902, -0.31282872858394867]], "fy": 1221.7166605930124, "fx": 1211.415136801995}, {"id": 48, "img_name": "0049", "width": 1266, "height": 711, "position": [3.0540354740224145, 0.004157296823881653, -1.1707984842314614], "rotation": [[-0.21744167667426095, 0.3381544739367576, -0.9156258346080242], [0.019141433251948125, 0.939367655718206, 0.34237700408109023], [0.9758856094738498, 0.0569206390251938, -0.21073043936464472]], "fy": 1221.7166605930124, "fx": 1211.415136801995}, {"id": 49, "img_name": "0050", "width": 1266, "height": 711, "position": [2.8850199852715126, -0.011490872543521553, -1.2856669127384595], "rotation": [[-0.13917799071110884, 0.33396729233623085, -0.932252827590898], [0.01728851408658673, 0.9420912410485979, 0.3349107356000859], [0.9901164548588695, 0.030494937106333962, -0.13689216423369285]], "fy": 1221.7166605930124, "fx": 1211.415136801995}, {"id": 50, "img_name": "0051", "width": 1266, "height": 711, "position": [2.874661906400963, -0.009441846342826115, -1.2933057040876705], "rotation": [[-0.12754652879334563, 0.3336820222859923, -0.9340172327082076], [0.015460744694419926, 0.9422630262192178, 0.3345165986818826], [0.9917120793689376, 0.028225829010540684, -0.12534135076025585]], "fy": 1221.7166605930124, "fx": 1211.415136801995}, {"id": 51, "img_name": "0052", "width": 1266, "height": 711, "position": [2.6572683111620585, -0.0034710162713504395, -1.4022152840725823], "rotation": [[0.19145250386896354, 0.3353350782210073, -0.9224404176296781], [0.025946568540755926, 0.9377678007863134, 0.3462922571894452], [0.9811588629489436, -0.09023268323014626, 0.17083719891705001]], "fy": 1221.7166605930124, "fx": 1211.415136801995}, {"id": 52, "img_name": "0053", "width": 1266, "height": 711, "position": [2.4596854509672785, -0.012413278285231514, -1.4133788566273908], "rotation": [[0.4779286825902714, 0.313989592362765, -0.8203625480514041], [0.006668766853358767, 0.9326057463296236, 0.3608352109504024], [0.8783733271828004, -0.17792430356989059, 0.44362511233358537]], "fy": 1221.7166605930124, "fx": 1211.415136801995}, {"id": 53, "img_name": "0054", "width": 1266, "height": 711, "position": [2.4596860813384267, -0.012414256664763786, -1.4133777311700502], "rotation": [[0.47792833173686816, 0.31398995374408456, -0.8203626141353598], [0.006669527430425409, 0.9326054645725544, 0.360835925114538], [0.8783735123095803, -0.17792514267859186, 0.44362440924247376]], "fy": 1221.7166605930124, "fx": 1211.415136801995}, {"id": 54, "img_name": "0055", "width": 1266, "height": 711, "position": [2.2723288076676424, -0.015047197095279496, -1.4627313868734804], "rotation": [[0.6670948178002734, 0.24775118632528456, -0.702569465418498], [0.026622055408624494, 0.9345502952390033, 0.3548337805712861], [0.7444969914175879, -0.25541161943636326, 0.6168380131177504]], "fy": 1221.7166605930124, "fx": 1211.415136801995}, {"id": 55, "img_name": "0056", "width": 1266, "height": 711, "position": [2.0691656355422214, -0.015075586196441422, -1.4215554416179375], "rotation": [[0.7610298620596363, 0.21360755581984311, -0.6125400894228585], [0.026559157454687433, 0.9331822735882779, 0.35842077983273973], [0.6481729400467039, -0.28903746531770713, 0.7045063402368549]], "fy": 1221.7166605930124, "fx": 1211.415136801995}, {"id": 56, "img_name": "0057", "width": 1266, "height": 711, "position": [1.880420689272614, -0.019340759799562988, -1.4298015910092723], "rotation": [[0.8687497740660789, 0.1641902822531801, -0.46724231537154004], [0.010975967690165565, 0.9368300861961273, 0.3496125251346426], [0.4951296377651019, -0.3088542387783882, 0.8120687784881409]], "fy": 1221.7166605930124, "fx": 1211.415136801995}, {"id": 57, "img_name": "0058", "width": 1266, "height": 711, "position": [1.7611220975062938, -0.014787454027402098, -1.3928569864565759], "rotation": [[0.9146268858895149, 0.1337278798621711, -0.38154228305080023], [0.0024803829984129384, 0.9418394472431987, 0.3360540184506161], [0.4042913643750376, -0.3083104113781994, 0.861099984280325]], "fy": 1221.7166605930124, "fx": 1211.415136801995}, {"id": 58, "img_name": "0059", "width": 1266, "height": 711, "position": [1.6949835827174335, -0.02528711507181039, -1.3556337063999908], "rotation": [[0.9331550907946171, 0.1085569844516459, -0.3426907609651226], [0.004755806721624292, 0.9494999552564366, 0.3137311225722614], [0.35944256679825254, -0.29438956519345216, 0.8855144409204707]], "fy": 1221.7166605930124, "fx": 1211.415136801995}, {"id": 59, "img_name": "0060", "width": 1266, "height": 711, "position": [1.4841147395428493, -0.039292855613782755, -1.3188416603281399], "rotation": [[0.9575912851741973, 0.07487224350266558, -0.27823205730344336], [-0.004364784779455416, 0.9693061741415593, 0.2458180006120023], [0.28809699618749596, -0.23417875207612426, 0.9285259462523442]], "fy": 1221.7166605930124, "fx": 1211.415136801995}, {"id": 60, "img_name": "0061", "width": 1266, "height": 711, "position": [1.3938686721647813, -0.04767054665267762, -1.3097181746125273], "rotation": [[0.9603849258528921, 0.06962022118341275, -0.2698403583545414], [-0.0017958849018208094, 0.9698172780417155, 0.24382621271958715], [0.2786710767050539, -0.2336824169982214, 0.9315229245670313]], "fy": 1221.7166605930124, "fx": 1211.415136801995}, {"id": 61, "img_name": "0062", "width": 1266, "height": 711, "position": [1.1737096815509849, -0.04897419732885769, -1.214632722147818], "rotation": [[0.9376141327191638, 0.08282904500372225, -0.33766712518256975], [-0.003585863580025396, 0.9734596499353718, 0.2288306175538774], [0.3476591429945074, -0.2133439927710054, 0.9130265390671016]], "fy": 1221.7166605930124, "fx": 1211.415136801995}, {"id": 62, "img_name": "0063", "width": 1266, "height": 711, "position": [0.8875792622101211, -0.058030748538206126, -1.0835416090821337], "rotation": [[0.8997502676145063, 0.08395964242685683, -0.4282525357440149], [0.011914524351481116, 0.9762269534419399, 0.21642314913831792], [0.4362424784877126, -0.19982921162088135, 0.8773601234076428]], "fy": 1221.7166605930124, "fx": 1211.415136801995}, {"id": 63, "img_name": "0064", "width": 1266, "height": 711, "position": [0.7562122160223167, -0.04970085954517589, -0.9655900350543929], "rotation": [[0.9011022126730338, 0.07243612146032982, -0.42751352098330986], [0.02349916219242011, 0.9763405300865431, 0.2149580393625295], [0.4329695043441476, -0.20374537447047186, 0.8780804238165604]], "fy": 1221.7166605930124, "fx": 1211.415136801995}, {"id": 64, "img_name": "0065", "width": 1266, "height": 711, "position": [0.6234732965446935, -0.054496360548413406, -0.8594296189410735], "rotation": [[0.9004950099529971, 0.07659093204659458, -0.42806841296454645], [0.016860387494839556, 0.9774784855190044, 0.21036049458250783], [0.43453937034896545, -0.19664597497967604, 0.8789231457533799]], "fy": 1221.7166605930124, "fx": 1211.415136801995}, {"id": 65, "img_name": "0066", "width": 1266, "height": 711, "position": [0.4587947509659976, -0.056628172333097124, -0.715588907135336], "rotation": [[0.9017073245763496, 0.059009403856450066, -0.4283010519037608], [0.037665184409373345, 0.976153890402835, 0.2137870813094602], [0.43070318629976434, -0.20890541521922362, 0.8779825128117951]], "fy": 1221.7166605930124, "fx": 1211.415136801995}, {"id": 66, "img_name": "0067", "width": 1266, "height": 711, "position": [0.38274951796938816, -0.06527124923762617, -0.5702923266773914], "rotation": [[0.9020336962230415, 0.06193067614156163, -0.42719995579452774], [0.03483841131904941, 0.975981815049139, 0.21504832431375293], [0.43025747637311573, -0.2088638026227554, 0.8782109177065611]], "fy": 1221.7166605930124, "fx": 1211.415136801995}, {"id": 67, "img_name": "0068", "width": 1266, "height": 711, "position": [0.28351980559959267, -0.06210599172985292, -0.4418216177650066], "rotation": [[0.9017995217333338, 0.06593700295605884, -0.4270947602613536], [0.030398868017091286, 0.9761647023230476, 0.21489156047140456], [0.43108413497229275, -0.20677230370561855, 0.8783004514375825]], "fy": 1221.7166605930124, "fx": 1211.415136801995}, {"id": 68, "img_name": "0069", "width": 1266, "height": 711, "position": [0.15519138319670764, -0.06353273659463501, -0.22499477719865407], "rotation": [[0.9078992854498175, 0.03716341080901662, -0.41753774485278705], [0.054465832679647684, 0.9771604223239423, 0.20540443547841752], [0.4156348885142145, -0.20922808114766775, 0.8851391130828202]], "fy": 1221.7166605930124, "fx": 1211.415136801995}, {"id": 69, "img_name": "0070", "width": 1266, "height": 711, "position": [0.0918181777179721, -0.07174358275403767, -0.05530187676123525], "rotation": [[0.9035300956525274, 0.0392311619992627, -0.42672506626435985], [0.04601926904954063, 0.9811587481478672, 0.1876425799467061], [0.42604646827110376, -0.189178293842337, 0.8847010681651866]], "fy": 1221.7166605930124, "fx": 1211.415136801995}, {"id": 70, "img_name": "0071", "width": 1266, "height": 711, "position": [0.0025750971281522103, -0.06026740359178583, 0.11525452562649398], "rotation": [[0.9015094690447015, 0.03929243968474554, -0.43097190326790547], [0.04155026369397007, 0.9834099434230344, 0.17657423018001642], [0.4307600872988371, -0.1770903367220372, 0.8849207647184995]], "fy": 1221.7166605930124, "fx": 1211.415136801995}, {"id": 71, "img_name": "0072", "width": 1266, "height": 711, "position": [-0.06108710733955294, -0.054965768402556764, 0.39105574900093293], "rotation": [[0.892330899680065, 0.0467548423298049, -0.44895383971504316], [0.03520262286050483, 0.984383189707833, 0.17248336489172864], [0.4500070453003005, -0.16971658887494537, 0.8767496442204844]], "fy": 1221.7166605930124, "fx": 1211.415136801995}, {"id": 72, "img_name": "0073", "width": 1266, "height": 711, "position": [-0.08348341505123733, -0.056464909281333756, 0.4855835315219079], "rotation": [[0.8841114851496855, 0.053164768677398395, -0.46424173573462346], [0.0306104553121167, 0.9847828877323407, 0.17107210191944563], [0.4662723258483203, -0.16545746100140366, 0.8690304636472573]], "fy": 1221.7166605930124, "fx": 1211.415136801995}, {"id": 73, "img_name": "0074", "width": 1266, "height": 711, "position": [-0.14061640122807748, -0.04583329723882293, 0.667981104040169], "rotation": [[0.8821498979158793, 0.05400231167002004, -0.46786248828186444], [0.030552456571029674, 0.9847503523145816, 0.17126964416902002], [0.46997670687437165, -0.16537984747423556, 0.8670475194849007]], "fy": 1221.7166605930124, "fx": 1211.415136801995}, {"id": 74, "img_name": "0075", "width": 1266, "height": 711, "position": [-0.20356101557919976, -0.046609601475397576, 0.9458900235311843], "rotation": [[0.881998886564404, 0.0434692909861455, -0.4692423519252215], [0.04208857991368689, 0.984491066605911, 0.17031115998079704], [0.4693682089149208, -0.1699639977004462, 0.8664904638515545]], "fy": 1221.7166605930124, "fx": 1211.415136801995}, {"id": 75, "img_name": "0076", "width": 1266, "height": 711, "position": [-0.23218521086771984, -0.04550133146439644, 1.0332627937022894], "rotation": [[0.8774461132009842, 0.044795920930744464, -0.4775789399632821], [0.042280754329652906, 0.9845316690898906, 0.1700286163338093], [0.47780817933748393, -0.16938334636864594, 0.8619794810383584]], "fy": 1221.7166605930124, "fx": 1211.415136801995}, {"id": 76, "img_name": "0077", "width": 1266, "height": 711, "position": [-0.3175220862049063, -0.04311179330162626, 1.3077957891375978], "rotation": [[0.8837741478330784, 0.01996043169100669, -0.4674877931974532], [0.06850017403041879, 0.9828066186107548, 0.17146100598298325], [0.4628725329717874, -0.18355579964033533, 0.8672117888028726]], "fy": 1221.7166605930124, "fx": 1211.415136801995}, {"id": 77, "img_name": "0078", "width": 1266, "height": 711, "position": [-0.3589417004705649, -0.0350689488517493, 1.588174126747992], "rotation": [[0.8830711697479082, 0.028528835896527733, -0.4683710224623746], [0.061905105145413114, 0.9823427350548475, 0.1765517171876191], [0.46513768619302026, -0.18490228881047058, 0.865712467552393]], "fy": 1221.7166605930124, "fx": 1211.415136801995}, {"id": 78, "img_name": "0079", "width": 1266, "height": 711, "position": [-0.40816049865943793, -0.029320707593621004, 1.8544348885670268], "rotation": [[0.8780363176825017, 0.035727070709294644, -0.4772586314034415], [0.05710771204061828, 0.9822639639011205, 0.17859511316590898], [0.4751746353247811, -0.1840681440113717, 0.8604231425898364]], "fy": 1221.7166605930124, "fx": 1211.415136801995}, {"id": 79, "img_name": "0080", "width": 1266, "height": 711, "position": [-0.4137644427738655, -0.019746231791269945, 2.0317113666817717], "rotation": [[0.8180035205770408, 0.05737980039149322, -0.572344126230539], [0.05735993035031469, 0.9819155762018956, 0.18042072941407292], [0.5723461179336973, -0.18041441106278477, 0.7999190968886134]], "fy": 1221.7166605930124, "fx": 1211.415136801995}, {"id": 80, "img_name": "0081", "width": 1266, "height": 711, "position": [-0.4701310836834313, -0.010865002834349966, 2.249673126260781], "rotation": [[0.7238910004084906, 0.0952058992075686, -0.6833137319589538], [0.05987025034857694, 0.9780275717569734, 0.1996938206514079], [0.6873116997773233, -0.1854667238057443, 0.7022853563260235]], "fy": 1221.7166605930124, "fx": 1211.415136801995}, {"id": 81, "img_name": "0082", "width": 1266, "height": 711, "position": [-0.49126368802080894, -0.0035955545761672406, 2.4132068015985104], "rotation": [[0.6574022103106018, 0.1049934165799268, -0.7461894641132433], [0.089464286535578, 0.972366594918352, 0.21563707130632703], [0.7482101812414845, -0.20851759532894082, 0.6298427876262622]], "fy": 1221.7166605930124, "fx": 1211.415136801995}, {"id": 82, "img_name": "0083", "width": 1266, "height": 711, "position": [-0.5000728820135052, -0.012446743719181324, 2.5721322290286692], "rotation": [[0.6110016857226996, 0.1445976038733014, -0.7783112956896611], [0.0708934665760794, 0.9692314341407638, 0.2357213258707501], [0.7884485122319943, -0.1992033132945782, 0.5819510147182635]], "fy": 1221.7166605930124, "fx": 1211.415136801995}, {"id": 83, "img_name": "0084", "width": 1266, "height": 711, "position": [-0.5054551116655838, -0.011791110875174279, 2.6001471847507007], "rotation": [[0.607067699593932, 0.14809268136876055, -0.7807287402387223], [0.07005041485694262, 0.9686832286742203, 0.23821364751764015], [0.7915565346127222, -0.19930218315487422, 0.5776823454993231]], "fy": 1221.7166605930124, "fx": 1211.415136801995}, {"id": 84, "img_name": "0085", "width": 1266, "height": 711, "position": [-0.5646988426980688, -0.005768000203275956, 2.9726525775936685], "rotation": [[0.5954099358398873, 0.16150769105096652, -0.7870211395093062], [0.05922454735996849, 0.9680978835691875, 0.24347266955218333], [0.8012362081765576, -0.19157701730699686, 0.5668498788450137]], "fy": 1221.7166605930124, "fx": 1211.415136801995}, {"id": 85, "img_name": "0086", "width": 1266, "height": 711, "position": [-0.5725185980477077, -0.01817293835429043, 3.1222410196045542], "rotation": [[0.587614167303483, 0.17353683329445654, -0.7903129493272685], [0.042192123215713424, 0.9688301780944545, 0.24410635131437655], [0.8080404786412521, -0.1767853316980789, 0.5619764509066337]], "fy": 1221.7166605930124, "fx": 1211.415136801995}, {"id": 86, "img_name": "0087", "width": 1266, "height": 711, "position": [-0.6099638092468, -0.02406006986307643, 3.2495829174040005], "rotation": [[0.5957725608575171, 0.17129356803805643, -0.7846741803309625], [0.04347770744334911, 0.968680883611692, 0.24447297331349763], [0.8019755262380186, -0.17976612382221327, 0.5696660390449739]], "fy": 1221.7166605930124, "fx": 1211.415136801995}, {"id": 87, "img_name": "0088", "width": 1266, "height": 711, "position": [-0.5819123459695438, -0.011525257969822369, 3.4348413766738175], "rotation": [[0.5628108190203763, 0.16271098659614452, -0.8104129298293077], [0.0670501184620517, 0.9682165130607303, 0.2409586384646658], [0.8238617988521121, -0.18995241161256674, 0.5340129377784135]], "fy": 1221.7166605930124, "fx": 1211.415136801995}, {"id": 88, "img_name": "0089", "width": 1266, "height": 711, "position": [-0.5626929356988037, -0.012255895297349209, 3.5711407162767586], "rotation": [[0.47164988860421303, 0.17636860320313016, -0.8639678804121191], [0.07811722525396901, 0.9675836833541526, 0.2401655987551752], [0.878318895218732, -0.18076485142579019, 0.4425833105650933]], "fy": 1221.7166605930124, "fx": 1211.415136801995}, {"id": 89, "img_name": "0090", "width": 1266, "height": 711, "position": [-0.5697069034861643, -0.00043807134162190524, 3.6500641954046316], "rotation": [[0.4553260266682353, 0.18407642324832255, -0.8710878714817594], [0.08059772300875262, 0.9658540750608293, 0.2462314210944539], [0.8866691696931399, -0.18232327358978154, 0.4249423577653607]], "fy": 1221.7166605930124, "fx": 1211.415136801995}, {"id": 90, "img_name": "0091", "width": 1266, "height": 711, "position": [-0.5502237119668837, -0.008993283230948376, 3.786614157297777], "rotation": [[0.4460476522608116, 0.19491392110421935, -0.8735273637799768], [0.08380213416388797, 0.9626149834802975, 0.2575841530234425], [0.8910772661347586, -0.1880982640510131, 0.4130379508456815]], "fy": 1221.7166605930124, "fx": 1211.415136801995}, {"id": 91, "img_name": "0092", "width": 1266, "height": 711, "position": [-0.485258558089985, -0.0009910767071089385, 3.958540474454407], "rotation": [[0.4452179816707268, 0.19767026768872256, -0.8733312167035557], [0.08745333855395636, 0.9610668469962692, 0.2621114823513399], [0.891141325701379, -0.19307247570930053, 0.4105973170280951]], "fy": 1221.7166605930124, "fx": 1211.415136801995}, {"id": 92, "img_name": "0093", "width": 1266, "height": 711, "position": [-0.4495551713795185, 0.0025484037708653267, 4.167344066019193], "rotation": [[0.4848796334587942, 0.20307718923149187, -0.8506770223008859], [0.08137601936423557, 0.9579726983454654, 0.27507499467806845], [0.870786819221155, -0.20260297243264871, 0.44797583755394493]], "fy": 1221.7166605930124, "fx": 1211.415136801995}, {"id": 93, "img_name": "0094", "width": 1266, "height": 711, "position": [-0.4336536470676731, -0.002662936790029598, 4.432813424333858], "rotation": [[0.5432508221774253, 0.19304185988849082, -0.8170761191800576], [0.07529487189122964, 0.9580834992118399, 0.27641760219797856], [0.8361873154206746, -0.21168573137740979, 0.5059445865515078]], "fy": 1221.7166605930124, "fx": 1211.415136801995}, {"id": 94, "img_name": "0095", "width": 1266, "height": 711, "position": [-0.4065485722104133, -0.014074810059985048, 4.642720320850226], "rotation": [[0.5192876220745202, 0.1986196821965906, -0.8311982840479855], [0.071970866129413, 0.9589981673846506, 0.27412170541834846], [0.8515635971486639, -0.20217006899392168, 0.4837010473569604]], "fy": 1221.7166605930124, "fx": 1211.415136801995}, {"id": 95, "img_name": "0096", "width": 1266, "height": 711, "position": [-0.41901370726091597, -0.004752872051274037, 4.714454437913898], "rotation": [[0.5162177543214077, 0.2026019888920913, -0.8321488233605402], [0.065889650933997, 0.9593430400892902, 0.2744439566323783], [0.8539190734625609, -0.1965028384762104, 0.48188053545213216]], "fy": 1221.7166605930124, "fx": 1211.415136801995}, {"id": 96, "img_name": "0097", "width": 1266, "height": 711, "position": [-0.41853761621429664, -0.022569568747298947, 4.838251235188867], "rotation": [[0.5139093505569589, 0.20837694618712177, -0.8321515653460337], [0.05724503406269909, 0.95955694968759, 0.275632847065455], [0.8559323486615548, -0.18928684213113559, 0.4811967434540027]], "fy": 1221.7166605930124, "fx": 1211.415136801995}, {"id": 97, "img_name": "0098", "width": 1266, "height": 711, "position": [-0.33134510442621173, -0.027830164906811332, 5.090362610237031], "rotation": [[0.48472893006146817, 0.2005826632665921, -0.8513544852517927], [0.07342836345229248, 0.9605818922169973, 0.26812441848054663], [0.8715768123362291, -0.19248122906323667, 0.45089337615019753]], "fy": 1221.7166605930124, "fx": 1211.415136801995}, {"id": 98, "img_name": "0099", "width": 1266, "height": 711, "position": [-0.32638546560182174, -0.016565453022608517, 5.217527935570443], "rotation": [[0.4817275870377425, 0.1987995936845081, -0.853473639568129], [0.07864005633946981, 0.9601916297232166, 0.2680443540692441], [0.8727853535811191, -0.1962415750047573, 0.4469171856327892]], "fy": 1221.7166605930124, "fx": 1211.415136801995}, {"id": 99, "img_name": "0100", "width": 1266, "height": 711, "position": [-0.2922759755595186, -0.02443922518891752, 5.373714091106772], "rotation": [[0.4822262691418488, 0.1866499093391289, -0.8559320280800503], [0.07103694574662522, 0.965490601011415, 0.2505626701997078], [0.8731618278924725, -0.181630698678146, 0.4523258909339198]], "fy": 1221.7166605930124, "fx": 1211.415136801995}, {"id": 100, "img_name": "0101", "width": 1266, "height": 711, "position": [-0.239261446602848, -0.04027278636264362, 5.501616804517563], "rotation": [[0.43044633630252704, 0.19278654777646584, -0.8817875586331233], [0.06883929317203373, 0.9670671188723857, 0.24503538379474413], [0.8999872795097197, -0.16617621548312864, 0.40299920859525046]], "fy": 1221.7166605930124, "fx": 1211.415136801995}, {"id": 101, "img_name": "0102", "width": 1266, "height": 711,