[{"id": 0, "img_name": "0001", "width": 1281, "height": 720, "position": [-1.7038293702283298, 0.5979178535306625, 7.286949022859318], "rotation": [[-0.7614251327391995, -0.027232931808692535, 0.6476805807326592], [-0.008286323648626033, 0.9994444521845992, 0.03228194290647488], [-0.6481998951507796, 0.019213391749761034, -0.7612277855569827]], "fy": 586.3427139347606, "fx": 585.9980270443781}, {"id": 1, "img_name": "0002", "width": 1281, "height": 720, "position": [-1.64728392527048, 0.6044934466533267, 7.216206692406866], "rotation": [[-0.7682485347833184, -0.022763024138773163, 0.639746851133588], [-0.006461722018484235, 0.9995924211625008, 0.027807152012483124], [-0.6401190787281998, 0.017228937475861312, -0.7680825012728859]], "fy": 586.3427139347606, "fx": 585.9980270443781}, {"id": 2, "img_name": "0003", "width": 1281, "height": 720, "position": [-1.5903999988878241, 0.5878737486859399, 7.132837878803723], "rotation": [[-0.7784422696894381, -0.01914529227481297, 0.6274241711509583], [-0.005276674933486367, 0.9996990357831457, 0.023958183484875415], [-0.6276940253518439, 0.015339349333026721, -0.7783090099052156]], "fy": 586.3427139347606, "fx": 585.9980270443781}, {"id": 3, "img_name": "0004", "width": 1281, "height": 720, "position": [-1.5687896302642939, 0.5881122680364894, 7.094315094749207], "rotation": [[-0.7835341576502141, -0.018117323919522137, 0.6210845243357499], [-0.005725732196882662, 0.9997429014552797, 0.02193962124988775], [-0.6213223316332506, 0.013634278997220774, -0.7834364471034307]], "fy": 586.3427139347606, "fx": 585.9980270443781}, {"id": 4, "img_name": "0005", "width": 1281, "height": 720, "position": [-1.551018648222994, 0.5932195351443544, 7.051105449069849], "rotation": [[-0.7892750641769753, -0.01809554635999961, 0.6137731048770089], [-0.006723190936669263, 0.9997604306003657, 0.020829788990787183], [-0.6140029900351136, 0.012313919266615958, -0.7892076378369857]], "fy": 586.3427139347606, "fx": 585.9980270443781}, {"id": 5, "img_name": "0006", "width": 1281, "height": 720, "position": [-1.5243925028683807, 0.5970501895937136, 6.974753285367849], "rotation": [[-0.7996258714922816, -0.019580832277019206, 0.6001791871162713], [-0.009162282422396943, 0.9997497151286217, 0.020409793753295595], [-0.6004286120939116, 0.01082118790055282, -0.799605142349272]], "fy": 586.3427139347606, "fx": 585.9980270443781}, {"id": 6, "img_name": "0007", "width": 1281, "height": 720, "position": [-1.5000874266417843, 0.5882435305784, 6.900511283525317], "rotation": [[-0.8130246963529215, -0.021786592584616054, 0.5818214395360413], [-0.012267441730527504, 0.9997188183738412, 0.02029270959232844], [-0.5820999510338646, 0.009361013447400833, -0.8130633545017324]], "fy": 586.3427139347606, "fx": 585.9980270443781}, {"id": 7, "img_name": "0008", "width": 1281, "height": 720, "position": [-1.464788388228581, 0.5720099901609119, 6.821686080360071], "rotation": [[-0.8333401790370867, -0.02701547393426122, 0.5520999095911385], [-0.019111357663866253, 0.9996159675433642, 0.02006672471001756], [-0.5524299973848992, 0.006171029124149495, -0.8335364517457342]], "fy": 586.3427139347606, "fx": 585.9980270443781}, {"id": 8, "img_name": "0009", "width": 1281, "height": 720, "position": [-1.4387392879009893, 0.5703048570892862, 6.765720732265642], "rotation": [[-0.8509853562186879, -0.03538045278355266, 0.5239963235197196], [-0.02755872739662113, 0.9993619291581031, 0.02272115960230195], [-0.5244658616589172, 0.004894702261154951, -0.8514174075294345]], "fy": 586.3427139347606, "fx": 585.9980270443781}, {"id": 9, "img_name": "0010", "width": 1281, "height": 720, "position": [-1.4312514290389655, 0.5713965629359825, 6.747814372288954], "rotation": [[-0.857848066226084, -0.03810096203865327, 0.5124890359450598], [-0.030439821503404966, 0.9992641198136327, 0.023337440303652715], [-0.5130010843448661, 0.004419903258535449, -0.8583765793147992]], "fy": 586.3427139347606, "fx": 585.9980270443781}, {"id": 10, "img_name": "0011", "width": 1281, "height": 720, "position": [-1.3977138851559416, 0.5743030297106975, 6.664761840678318], "rotation": [[-0.8969044564707516, -0.051192057416842365, 0.43925137361235006], [-0.04587806481366514, 0.9986888029545011, 0.02271294833918682], [-0.4398381510645236, 0.000219341596927785, -0.8980770305254472]], "fy": 586.3427139347606, "fx": 585.9980270443781}, {"id": 11, "img_name": "0012", "width": 1281, "height": 720, "position": [-1.3878838468536496, 0.5719703516450849, 6.6363609386002755], "rotation": [[-0.9148594906891465, -0.056964879707342084, 0.39973380489511157], [-0.052787351169374254, 0.9983751070117138, 0.021462554737734424], [-0.4003068920872037, -0.0014656668370167422, -0.9163799670268912]], "fy": 586.3427139347606, "fx": 585.9980270443781}, {"id": 12, "img_name": "0013", "width": 1281, "height": 720, "position": [-1.382990410215733, 0.5686654373947854, 6.575780557434142], "rotation": [[-0.9557345259864697, -0.062772334392054, 0.287456344289684], [-0.0624136160987233, 0.9979959597199559, 0.010421367862475137], [-0.28753444378525916, -0.007981128843465466, -0.9577370438797305]], "fy": 586.3427139347606, "fx": 585.9980270443781}, {"id": 13, "img_name": "0014", "width": 1281, "height": 720, "position": [-1.3985305999685989, 0.5668081351631699, 6.5193836931070575], "rotation": [[-0.9854551369794529, -0.06256876631981868, 0.1579978559412199], [-0.0642959795419836, 0.9979137897031629, -0.005839121081838749], [-0.15730289258479446, -0.015912818778816968, -0.9874221904448818]], "fy": 586.3427139347606, "fx": 585.9980270443781}, {"id": 14, "img_name": "0015", "width": 1281, "height": 720, "position": [-1.4437081683150381, 0.590601256394954, 6.392749059692252], "rotation": [[-0.9932514074580163, -0.05058715801395786, -0.10436752860319853], [-0.04737004446645099, 0.9983295600053631, -0.03307821801041718], [0.10586652195059146, -0.027911092124262876, -0.9939885565068214]], "fy": 586.3427139347606, "fx": 585.9980270443781}, {"id": 15, "img_name": "0016", "width": 1281, "height": 720, "position": [-1.4790263464277782, 0.5895341921807364, 6.315512194907643], "rotation": [[-0.9683337916667476, -0.0394333039397735, -0.24652521667507596], [-0.031692736098399094, 0.9988744743102501, -0.035289588408181416], [0.24763933127614624, -0.026359042315969375, -0.9684936564032248]], "fy": 586.3427139347606, "fx": 585.9980270443781}, {"id": 16, "img_name": "0017", "width": 1281, "height": 720, "position": [-1.4961532492664877, 0.585505423320802, 6.278079905974286], "rotation": [[-0.9494063835100026, -0.03318740665251467, -0.31229171457170896], [-0.02437745441682405, 0.9991881789265256, -0.03207370900986026], [0.31310263280051287, -0.022838107040079967, -0.9494446598934626]], "fy": 586.3427139347606, "fx": 585.9980270443781}, {"id": 17, "img_name": "0018", "width": 1281, "height": 720, "position": [-1.519596023174295, 0.5805572770965223, 6.232801072371009], "rotation": [[-0.9199675265815873, -0.024583640733065962, -0.39122294749115055], [-0.016013613331716275, 0.999555328903401, -0.025153700500639583], [0.39166735149028986, -0.016875694626329808, -0.9199521165296922]], "fy": 586.3427139347606, "fx": 585.9980270443781}, {"id": 18, "img_name": "0019", "width": 1281, "height": 720, "position": [-1.5633041404518073, 0.5865887481754514, 6.151058541986347], "rotation": [[-0.8698225425332581, -0.0123756297489343, -0.4932094770878752], [-0.007481019919599531, 0.9999012542117429, -0.01189605677298488], [0.493307995923379, -0.006657748425768033, -0.8698292335533212]], "fy": 586.3427139347606, "fx": 585.9980270443781}, {"id": 19, "img_name": "0020", "width": 1281, "height": 720, "position": [-1.6747523248241825, 0.5703393772835377, 5.956480286748676], "rotation": [[-0.7811530749673041, -0.0024545184124856703, -0.6243347249741019], [-0.010510664571603287, 0.9999022570409397, 0.009219668903893847], [0.6242510708035574, 0.013764145589064096, -0.7811025213739963]], "fy": 586.3427139347606, "fx": 585.9980270443781}, {"id": 20, "img_name": "0021", "width": 1281, "height": 720, "position": [-1.6840013826241111, 0.5664266672416794, 5.941159665701249], "rotation": [[-0.7745279305549222, -0.002505497374480854, -0.6325347478781029], [-0.01175522742396853, 0.9998764705119776, 0.010433520245891207], [0.6324304700269583, 0.015516642659322701, -0.7744617062076489]], "fy": 586.3427139347606, "fx": 585.9980270443781}, {"id": 21, "img_name": "0022", "width": 1281, "height": 720, "position": [-1.7405462206951774, 0.5407883553519351, 5.854027962387338], "rotation": [[-0.7421502407134604, -0.005332207249348548, -0.6702123452867773], [-0.020218382218808003, 0.9996913762643183, 0.01443500063066975], [0.6699285314340677, 0.024263548557522302, -0.7420290041379716]], "fy": 586.3427139347606, "fx": 585.9980270443781}, {"id": 22, "img_name": "0023", "width": 1281, "height": 720, "position": [-1.796053909096534, 0.5275518372724405, 5.778189423513388], "rotation": [[-0.7244583102977113, -0.009964303087554138, -0.6892465954247172], [-0.02749535912942352, 0.9995174821635394, 0.014450192933063639], [0.6887700355466466, 0.029419645025698306, -0.7243827183330872]], "fy": 586.3427139347606, "fx": 585.9980270443781}, {"id": 23, "img_name": "0024", "width": 1281, "height": 720, "position": [-1.8891829498942554, 0.49754935997196464, 5.674480812273792], "rotation": [[-0.7145849491859686, -0.011081352492034166, -0.6994609024268855], [-0.03718534918563869, 0.9990626187904449, 0.022161532923522898], [0.6985596611620426, 0.04184599577648449, -0.7143271746438361]], "fy": 586.3427139347606, "fx": 585.9980270443781}, {"id": 24, "img_name": "0025", "width": 1281, "height": 720, "position": [-1.9606362394863257, 0.4730144500886866, 5.591007888934672], "rotation": [[-0.7157410069911553, -0.006478182401724976, -0.6983357674242785], [-0.04451725657266491, 0.998346513782413, 0.036365537061149825], [0.6969454962753756, 0.05711629864821704, -0.7148459300088358]], "fy": 586.3427139347606, "fx": 585.9980270443781}, {"id": 25, "img_name": "0026", "width": 1281, "height": 720, "position": [-2.0741639236959863, 0.46818198145824663, 5.394874832107231], "rotation": [[-0.7537488581166536, -0.007742651799145758, -0.6571169684545953], [-0.052033699433042466, 0.9974943579933044, 0.047932242747833836], [0.6550993459095742, 0.07032110006706849, -0.7522631121317889]], "fy": 586.3427139347606, "fx": 585.9980270443781}, {"id": 26, "img_name": "0027", "width": 1281, "height": 720, "position": [-2.074174191289678, 0.4681899399215763, 5.394875354569283], "rotation": [[-0.753749685615759, -0.007741906870842966, -0.6571160280438663], [-0.052028744304905485, 0.9974948290589539, 0.047927818296924836], [0.6550987873597377, 0.07031449977530575, -0.7522642154995475]], "fy": 586.3427139347606, "fx": 585.9980270443781}, {"id": 27, "img_name": "0028", "width": 1281, "height": 720, "position": [-2.1367760026843166, 0.43670784657696593, 5.251836307769674], "rotation": [[-0.7909248023999691, -0.008241608799550293, -0.611857853453696], [-0.053242548545854855, 0.9970439669674203, 0.055394575169523064], [0.6095926410094791, 0.07638981488565623, -0.789025606814394]], "fy": 586.3427139347606, "fx": 585.9980270443781}, {"id": 28, "img_name": "0029", "width": 1281, "height": 720, "position": [-2.1720417066264486, 0.4171901705430447, 5.151717272415924], "rotation": [[-0.817958581469661, -0.01150509884841238, -0.5751620569027723], [-0.05334611448041775, 0.997008986683953, 0.05592202197058953], [0.5727983511411167, 0.07642455869630647, -0.8161258087807864]], "fy": 586.3427139347606, "fx": 585.9980270443781}, {"id": 29, "img_name": "0030", "width": 1281, "height": 720, "position": [-2.2332374496799714, 0.37643608607335166, 4.948523648671322], "rotation": [[-0.869642166365722, -0.013746215561724761, -0.4934911792894223], [-0.04783226123886381, 0.9972554348395679, 0.05651258680790809], [0.4913599263915518, 0.07275052742540672, -0.8679128893476661]], "fy": 586.3427139347606, "fx": 585.9980270443781}, {"id": 30, "img_name": "0031", "width": 1281, "height": 720, "position": [-2.2470789269312483, 0.3507738040274833, 4.844412365930342], "rotation": [[-0.894157865271874, -0.009565949657895617, -0.44764964490054787], [-0.040882116606909824, 0.9973398742344551, 0.06034755839087794], [0.44588155884066694, 0.0722611089670232, -0.8921703691653695]], "fy": 586.3427139347606, "fx": 585.9980270443781}, {"id": 31, "img_name": "0032", "width": 1281, "height": 720, "position": [-2.2487777550548302, 0.3448881042571502, 4.809570104601205], "rotation": [[-0.899961315561091, -0.008112210003067052, -0.43589427908888123], [-0.03832898769467381, 0.9974276138693015, 0.0605726323787652], [0.4342816127766071, 0.07122041238196834, -0.897957200352161]], "fy": 586.3427139347606, "fx": 585.9980270443781}, {"id": 32, "img_name": "0033", "width": 1281, "height": 720, "position": [-2.254255118578211, 0.3354677521481574, 4.688703811052079], "rotation": [[-0.9167579606385692, -0.0022170025783588097, -0.3994370119372751], [-0.0275283372152033, 0.9979577098801382, 0.05764199806526411], [0.39849345321595603, 0.06383959735428639, -0.9149467053078364]], "fy": 586.3427139347606, "fx": 585.9980270443781}, {"id": 33, "img_name": "0034", "width": 1281, "height": 720, "position": [-2.2741151296749367, 0.264760886028956, 4.526499273293888], "rotation": [[-0.9214579824015608, 0.024843780937652087, -0.387682825538049], [-0.012500112122188, 0.995540088369616, 0.09350764485297611], [0.3882768778402547, 0.09100944455241738, -0.9170378111816783]], "fy": 586.3427139347606, "fx": 585.9980270443781}, {"id": 34, "img_name": "0035", "width": 1281, "height": 720, "position": [-2.274118280199057, 0.26478506202156643, 4.526495485620849], "rotation": [[-0.9214556132974453, 0.024844972976344786, -0.3876883800688807], [-0.012498437118015472, 0.9955403273912378, 0.09350532395192382], [0.3882825540662819, 0.09100650446837248, -0.9170356996061888]], "fy": 586.3427139347606, "fx": 585.9980270443781}, {"id": 35, "img_name": "0036", "width": 1281, "height": 720, "position": [-2.2745736216886443, 0.23863466701434388, 4.427581974562179], "rotation": [[-0.9281350182480044, 0.02819450592656926, -0.3711744303387999], [-0.0044251461812614456, 0.9962212890955318, 0.08673846455933572], [0.37221741762449856, 0.0821475074995786, -0.9245030995234984]], "fy": 586.3427139347606, "fx": 585.9980270443781}, {"id": 36, "img_name": "0037", "width": 1281, "height": 720, "position": [-2.262719473671343, 0.19330686044373577, 4.269675938808369], "rotation": [[-0.9393685364893221, 0.032552602713696685, -0.34136063145956413], [0.005542777627904835, 0.996795252043099, 0.07980290170477473], [0.34286444882792344, 0.07307224891091398, -0.9365385289292826]], "fy": 586.3427139347606, "fx": 585.9980270443781}, {"id": 37, "img_name": "0038", "width": 1281, "height": 720, "position": [-2.2650088649861266, 0.18733814285734035, 4.199310735596705], "rotation": [[-0.9387331460830967, 0.03461297028953229, -0.3429023515997909], [0.007955469727296357, 0.9968551618450099, 0.0788447639629747], [0.3445530306735796, 0.07128624404957158, -0.9360563447052508]], "fy": 586.3427139347606, "fx": 585.9980270443781}, {"id": 38, "img_name": "0039", "width": 1281, "height": 720, "position": [-2.2784562955641214, 0.19195852381008072, 4.133717075533607], "rotation": [[-0.9369693471452697, 0.033857161104681684, -0.34776735780130136], [0.008804494730953339, 0.9972660587583898, 0.07336817376111125], [0.3493006203583087, 0.06568181400083002, -0.9347058232015356]], "fy": 586.3427139347606, "fx": 585.9980270443781}, {"id": 39, "img_name": "0040", "width": 1281, "height": 720, "position": [-2.2821543103347017, 0.19341088730886496, 4.11892686650043], "rotation": [[-0.9361045293593407, 0.03318435034685541, -0.35015297943182466], [0.008791656289050572, 0.9974358442065617, 0.07102424566046954], [0.35161202609214304, 0.06340769341334447, -0.9339959569095452]], "fy": 586.3427139347606, "fx": 585.9980270443781}, {"id": 40, "img_name": "0041", "width": 1281, "height": 720, "position": [-2.3164923148928263, 0.19406427882359156, 4.014698095829516], "rotation": [[-0.9322617731752764, 0.031154861788607234, -0.3604405094644903], [0.009545305968363045, 0.9980565643206585, 0.06157906746950225], [0.3616585038542006, 0.053967295683366966, -0.9307473650709757]], "fy": 586.3427139347606, "fx": 585.9980270443781}, {"id": 41, "img_name": "0042", "width": 1281, "height": 720, "position": [-2.3592596131567407, 0.1875880783506381, 3.9007085529082497], "rotation": [[-0.9316104552163528, 0.030790096557952444, -0.36215180475255376], [0.01085211935994775, 0.998317451774092, 0.05696048620474185], [0.36329628574619, 0.04913486987094913, -0.9303771135006424]], "fy": 586.3427139347606, "fx": 585.9980270443781}, {"id": 42, "img_name": "0043", "width": 1281, "height": 720, "position": [-2.4023713229381665, 0.19273583997554158, 3.8166957035974964], "rotation": [[-0.9321128128547804, 0.031231967720505443, -0.36081888573667215], [0.012084049191675208, 0.9984020136465144, 0.05520321459587952], [0.36196640709751166, 0.04709547047106397, -0.9310007179342167]], "fy": 586.3427139347606, "fx": 585.9980270443781}, {"id": 43, "img_name": "0044", "width": 1281, "height": 720, "position": [-2.4175770100923653, 0.19401338820107478, 3.7862475865750476], "rotation": [[-0.9329793344477303, 0.030296085805624373, -0.3586526295433053], [0.012741533351331052, 0.9986066689244575, 0.05120912133063853], [0.3597043436231013, 0.04320726749584363, -0.9320654039359125]], "fy": 586.3427139347606, "fx": 585.9980270443781}, {"id": 44, "img_name": "0045", "width": 1281, "height": 720, "position": [-2.467552414479578, 0.18773170960709926, 3.6771650506673828], "rotation": [[-0.9362828335564515, 0.03370633099047526, -0.34962599851650306], [0.01589586105278051, 0.9984312738178139, 0.05368717783538079], [0.3508871288447211, 0.04470877669650149, -0.935349853315544]], "fy": 586.3427139347606, "fx": 585.9980270443781}, {"id": 45, "img_name": "0046", "width": 1281, "height": 720, "position": [-2.4903347535957003, 0.18690006222342204, 3.55226977044162], "rotation": [[-0.9424675449284508, 0.03399311499097471, -0.33256487320483596], [0.019597958033658866, 0.9987239181375327, 0.04654519718430557], [0.3337227094422093, 0.03734974528996566, -0.94193107482943]], "fy": 586.3427139347606, "fx": 585.9980270443781}, {"id": 46, "img_name": "0047", "width": 1281, "height": 720, "position": [-2.4933870687825674, 0.1894743841380544, 3.497951553521671], "rotation": [[-0.943375101344212, 0.03373305163351126, -0.3300083323058506], [0.02057174717096553, 0.9988505528300032, 0.04329406806400615], [0.3310894461956341, 0.034053697870977076, -0.9429846893132362]], "fy": 586.3427139347606, "fx": 585.9980270443781}, {"id": 47, "img_name": "0048", "width": 1281, "height": 720, "position": [-2.4946839260086073, 0.1778515452541703, 3.319815065076392], "rotation": [[-0.9496729145987303, 0.03509688004330571, -0.3112708857069318], [0.02523682124789282, 0.9990456516532049, 0.0356495268709869], [0.31222501201994357, 0.02599990238537678, -0.9496523295106984]], "fy": 586.3427139347606, "fx": 585.9980270443781}, {"id": 48, "img_name": "0049", "width": 1281, "height": 720, "position": [-2.4941584370354106, 0.17408256567480213, 3.228658915703253], "rotation": [[-0.955548522468899, 0.03677765351331255, -0.29253106742628], [0.028921107979322933, 0.9990965813263276, 0.0311382513204166], [0.29341198121541057, 0.021293787453147285, -0.9557489125785847]], "fy": 586.3427139347606, "fx": 585.9980270443781}, {"id": 49, "img_name": "0050", "width": 1281, "height": 720, "position": [-2.494074307833666, 0.17865112102307223, 3.119558833290707], "rotation": [[-0.9551418828346296, 0.037402781337630295, -0.29377715296347967], [0.03203762818830258, 0.9992207155269291, 0.023055412421384123], [0.2944105535390781, 0.01260926683282769, -0.9555958519974603]], "fy": 586.3427139347606, "fx": 585.9980270443781}, {"id": 50, "img_name": "0051", "width": 1281, "height": 720, "position": [-2.5128460149477436, 0.16426541943136114, 3.0057888568043243], "rotation": [[-0.9405658904504617, 0.033075735890279095, -0.33799674764181686], [0.034822920096347874, 0.9993930976938786, 0.0008947166015466059], [0.3378212100462209, -0.010928493818921952, -0.9411468525505232]], "fy": 586.3427139347606, "fx": 585.9980270443781}, {"id": 51, "img_name": "0052", "width": 1281, "height": 720, "position": [-2.5221764665269135, 0.1554474721862963, 2.969478764549667], "rotation": [[-0.9299107241949912, 0.031057697820928896, -0.36647164205871424], [0.03412565230160946, 0.9994157548099996, -0.0018944372643719272], [0.36619869590447235, -0.014267741363749639, -0.930427292524376]], "fy": 586.3427139347606, "fx": 585.9980270443781}, {"id": 52, "img_name": "0053", "width": 1281, "height": 720, "position": [-2.5622754696386485, 0.14647618174713378, 2.8170945373976686], "rotation": [[-0.8397429137301747, 0.027702977221464874, -0.5422770361107165], [0.020433190790217208, 0.9996025121227712, 0.0194242753269088], [0.5425995978196879, 0.005230947420111752, -0.8399751863210015]], "fy": 586.3427139347606, "fx": 585.9980270443781}, {"id": 53, "img_name": "0054", "width": 1281, "height": 720, "position": [-2.592972720155899, 0.15689002330094942, 2.7116325707443334], "rotation": [[-0.7307933580011508, 0.03162738673207653, -0.6818656585500561], [0.007028064872674587, 0.9992216929074376, 0.03881513528690052], [0.6825625789666083, 0.02357364697484422, -0.7304468556731271]], "fy": 586.3427139347606, "fx": 585.9980270443781}, {"id": 54, "img_name": "0055", "width": 1281, "height": 720, "position": [-2.5975895167175396, 0.15664198149504263, 2.696501058321907], "rotation": [[-0.7128969465953781, 0.032349389751379985, -0.7005222769603402], [0.004921256841900107, 0.9991416372698662, 0.04113113060429322], [0.7012515417210021, 0.02587480736942184, -0.7124442220816396]], "fy": 586.3427139347606, "fx": 585.9980270443781}, {"id": 55, "img_name": "0056", "width": 1281, "height": 720, "position": [-2.6485717312161388, 0.14365270871502828, 2.5827601981806305], "rotation": [[-0.5057601586680829, 0.037674272844240596, -0.8618510956480204], [-0.012803404114788485, 0.9986080990793106, 0.05116578247500275], [0.862579117963743, 0.036912242127288844, -0.5045738316976293]], "fy": 586.3427139347606, "fx": 585.9980270443781}, {"id": 56, "img_name": "0057", "width": 1281, "height": 720, "position": [-2.6668813721705606, 0.13953010232472923, 2.5341270575434596], "rotation": [[-0.42093633798839003, 0.03543360055247915, -0.9063978482503202], [-0.011173885022102864, 0.9989583849393179, 0.044241264142677345], [0.9070213578821814, 0.02875074105682621, -0.42010195338066053]], "fy": 586.3427139347606, "fx": 585.9980270443781}, {"id": 57, "img_name": "0058", "width": 1281, "height": 720, "position": [-2.675904809044022, 0.13699928812063053, 2.4946596824952088], "rotation": [[-0.3788253972294928, 0.03298134060309453, -0.9248802893271856], [-0.004673803137679243, 0.9992838598177125, 0.03754894235586984], [0.9254563598453178, 0.01854720140174482, -0.3783999568472702]], "fy": 586.3427139347606, "fx": 585.9980270443781}, {"id": 58, "img_name": "0059", "width": 1281, "height": 720, "position": [-2.6848988076204887, 0.13553309480873604, 2.451809355488036], "rotation": [[-0.3481002384059302, 0.030319094070639777, -0.9369669025939334], [0.004335666265807485, 0.9995182447635215, 0.030732399562686804], [0.9374472923955595, 0.006635579822802945, -0.3480639927666306]], "fy": 586.3427139347606, "fx": 585.9980270443781}, {"id": 59, "img_name": "0060", "width": 1281, "height": 720, "position": [-2.6945206403225885, 0.12797402355680315, 2.38666596725455], "rotation": [[-0.31160086035208745, 0.04419819243784594, -0.9491846098694742], [0.015852740308886636, 0.9990204180149925, 0.04131458596970852], [0.9500808357463789, -0.0021735165922011886, -0.31199628422961306]], "fy": 586.3427139347606, "fx": 585.9980270443781}, {"id": 60, "img_name": "0061", "width": 1281, "height": 720, "position": [-2.6833445399502347, 0.12467234530954972, 2.3093638505964216], "rotation": [[-0.30587938184232744, 0.03938277917647605, -0.9512553813083489], [0.024127297204734274, 0.999143848711606, 0.033607188388110255], [0.951764507267081, -0.012671475292815537, -0.30656770283340923]], "fy": 586.3427139347606, "fx": 585.9980270443781}, {"id": 61, "img_name": "0062", "width": 1281, "height": 720, "position": [-2.6776172738819017, 0.12372302101339756, 2.2936743855014097], "rotation": [[-0.3065154367099281, 0.035138759005119403, -0.9512168809867189], [0.024669141034321513, 0.9992759736454659, 0.028964840333321307], [0.951545963440101, -0.014587532707287458, -0.30716035445734696]], "fy": 586.3427139347606, "fx": 585.9980270443781}, {"id": 62, "img_name": "0063", "width": 1281, "height": 720, "position": [-2.652547668962082, 0.11095744564374521, 2.209259782649434], "rotation": [[-0.29410299261458767, 0.024428759387682252, -0.955461493441741], [0.024531232364961235, 0.9995369186076543, 0.018004637707319304], [0.9554588679654398, -0.01814343008072818, -0.2945660665642016]], "fy": 586.3427139347606, "fx": 585.9980270443781}, {"id": 63, "img_name": "0064", "width": 1281, "height": 720, "position": [-2.6486806636089892, 0.10686663799769872, 2.16709777992814], "rotation": [[-0.29745154465982654, 0.03135857052857513, -0.9542217869205707], [0.025677869084022586, 0.9993616652335864, 0.024837654898503387], [0.9543915473320091, -0.01711438330638097, -0.29806689226624167]], "fy": 586.3427139347606, "fx": 585.9980270443781}, {"id": 64, "img_name": "0065", "width": 1281, "height": 720, "position": [-2.6565179778929857, 0.10866535685094794, 2.116634930156181], "rotation": [[-0.2960419175622585, 0.03392539326059025, -0.9545722868060729], [0.027501621389067275, 0.9992574755439324, 0.026984410138815258], [0.9547789502638995, -0.018263769098455437, -0.2967551025193753]], "fy": 586.3427139347606, "fx": 585.9980270443781}, {"id": 65, "img_name": "0066", "width": 1281, "height": 720, "position": [-2.6825569092309705, 0.11473418417263503, 2.075688861443951], "rotation": [[-0.28812398700639447, 0.034897565213973934, -0.9569570147366468], [0.03017458652859974, 0.9991703398549681, 0.027351897227349178], [0.9571175802582284, -0.02099504456398845, -0.28893796161873414]], "fy": 586.3427139347606, "fx": 585.9980270443781}, {"id": 66, "img_name": "0067", "width": 1281, "height": 720, "position": [-2.6877694600539828, 0.11523144778581969, 2.0690552422915376], "rotation": [[-0.28551511516628025, 0.03440434298823593, -0.9577564722804708], [0.030661825030754035, 0.9991717615640362, 0.026751511710632298], [0.9578835897421816, -0.021728600428202755, -0.28633354051885435]], "fy": 586.3427139347606, "fx": 585.9980270443781}, {"id": 67, "img_name": "0068", "width": 1281, "height": 720, "position": [-2.748627357913689, 0.10756346112323678, 1.9971101230521973], "rotation": [[-0.26866002427397834, 0.03150854130786453, -0.9627195869939261], [0.03245387424552262, 0.9991934908781817, 0.02364558802670482], [0.9626881828523507, -0.024891356156775343, -0.2694659217509988]], "fy": 586.3427139347606, "fx": 585.9980270443781}, {"id": 68, "img_name": "0069", "width": 1281, "height": 720, "position": [-2.762880914237017, 0.1099667870578096, 1.9752760187077165], "rotation": [[-0.27760101889368405, 0.0369427025249404, -0.9599858910626459], [0.029496492262646692, 0.9991170150956521, 0.02991900884979815], [0.9602435270562295, -0.020010669066986203, -0.2784455815237575]], "fy": 586.3427139347606, "fx": 585.9980270443781}, {"id": 69, "img_name": "0070", "width": 1281, "height": 720, "position": [-2.7732244816558906, 0.11709966181003924, 1.9387966345306369], "rotation": [[-0.3051780225412446, 0.045391174559456196, -0.9512129182417195], [0.02556295714810917, 0.9988939087447889, 0.039465102234772426], [0.9519521572955539, -0.012271933208345033, -0.30600080044939487]], "fy": 586.3427139347606, "fx": 585.9980270443781}, {"id": 70, "img_name": "0071", "width": 1281, "height": 720, "position": [-2.76989212317377, 0.12761878127033213, 1.8558584636698032], "rotation": [[-0.3955826935140988, 0.054123733334885835, -0.9168342020681952], [0.022029079200567438, 0.9985340322869224, 0.04944194610241872], [0.9181661354361231, -0.0006386350393756205, -0.3961950780658194]], "fy": 586.3427139347606, "fx": 585.9980270443781}, {"id": 71, "img_name": "0072", "width": 1281, "height": 720, "position": [-2.7502272354615362, 0.12404041667242142, 1.7863791663820798], "rotation": [[-0.4731140622176289, 0.05385885914703682, -0.8793533461716698], [0.02330512666899137, 0.9985454047624868, 0.04862042470674132], [0.8806928835881865, 0.0025095655204205865, -0.4736810602905956]], "fy": 586.3427139347606, "fx": 585.9980270443781}, {"id": 72, "img_name": "0073", "width": 1281, "height": 720, "position": [-2.6915523323338637, 0.11164390311270035, 1.6257638013268905], "rotation": [[-0.6338131741106073, 0.058163561647267784, -0.771296220929638], [0.03410521484265285, 0.9983004081691742, 0.047255998241458215], [0.7727339093403192, 0.0036462509190523834, -0.6347196311836131]], "fy": 586.3427139347606, "fx": 585.9980270443781}, {"id": 73, "img_name": "0074", "width": 1281, "height": 720, "position": [-2.679179186448838, 0.11223640053469469, 1.5908209713786523], "rotation": [[-0.6697937568195743, 0.05989431955472649, -0.74012768750439], [0.03699805110962365, 0.9981954819948944, 0.04729613027584696], [0.7416248833066551, 0.004295370770552586, -0.670801075021748]], "fy": 586.3427139347606, "fx": 585.9980270443781}, {"id": 74, "img_name": "0075", "width": 1281, "height": 720, "position": [-2.6610130875635845, 0.11517296164133825, 1.4899747677013058], "rotation": [[-0.7461953825224729, 0.06235472089130406, -0.6628003771006077], [0.043278337074094585, 0.9980414235247776, 0.045169707423631036], [0.6643187763733922, 0.005020528976407443, -0.7474325104292397]], "fy": 586.3427139347606, "fx": 585.9980270443781}, {"id": 75, "img_name": "0076", "width": 1281, "height": 720, "position": [-2.664316849604386, 0.11877999518720771, 1.413211195796807], "rotation": [[-0.7749107320373844, 0.060430308737799414, -0.6291752817451897], [0.04654061359980293, 0.9981722439003287, 0.03855052260004329], [0.6303549227689416, 0.000591010014173272, -0.776306847868885]], "fy": 586.3427139347606, "fx": 585.9980270443781}, {"id": 76, "img_name": "0077", "width": 1281, "height": 720, "position": [-2.6724969549054025, 0.11628744257077019, 1.3571172022100366], "rotation": [[-0.7856317042180239, 0.060523694474185395, -0.6157269749935264], [0.04843721897673182, 0.9981659201411199, 0.0363129685736587], [0.6167954775655243, -0.0012954829319030844, -0.7871223923753468]], "fy": 586.3427139347606, "fx": 585.9980270443781}, {"id": 77, "img_name": "0078", "width": 1281, "height": 720, "position": [-2.690759316889874, 0.09968737750643002, 1.262998405229375], "rotation": [[-0.8081425804314356, 0.06186209576367003, -0.5857291616449928], [0.053569160973272655, 0.9980671506588931, 0.03150091694312676], [0.5865457481614195, -0.005919787442525868, -0.8098944631434363]], "fy": 586.3427139347606, "fx": 585.9980270443781}, {"id": 78, "img_name": "0079", "width": 1281, "height": 720, "position": [-2.6942803723431306, 0.096365405000248, 1.2448399075688237], "rotation": [[-0.8119440631764818, 0.06449437733569133, -0.5801614547387179], [0.054808804174352695, 0.9979100274590721, 0.034228235151869235], [0.5811564619424286, -0.004006543237713179, -0.8137819820774121]], "fy": 586.3427139347606, "fx": 585.9980270443781}, {"id": 79, "img_name": "0080", "width": 1281, "height": 720, "position": [-2.7034986200460054, 0.09591420345358738, 1.1865682778027835], "rotation": [[-0.8205140086048102, 0.07414078322833088, -0.5667979410209201], [0.05791927261238176, 0.9972331297882471, 0.04659874153654585], [0.5686845518768006, 0.005406395751963357, -0.8225379330715729]], "fy": 586.3427139347606, "fx": 585.9980270443781}, {"id": 80, "img_name": "0081", "width": 1281, "height": 720, "position": [-2.714851483385591, 0.10369523692764705, 1.1469464829554843], "rotation": [[-0.8274465719878784, 0.07705305568112118, -0.5562328623119196], [0.05720182358952739, 0.9969542108288163, 0.053011818387270655], [0.5586234168771853, 0.012046913334726765, -0.8293339194772901]], "fy": 586.3427139347606, "fx": 585.9980270443781}, {"id": 81, "img_name": "0082", "width": 1281, "height": 720, "position": [-2.728528124429628, 0.11636233622897732, 1.0809083696928128], "rotation": [[-0.8452681443639776, 0.0732056568473162, -0.5293039730901619], [0.053203032131548644, 0.997178722590746, 0.05295311685158596], [0.5316871274494871, 0.016599006531756715, -0.8467781713569803]], "fy": 586.3427139347606, "fx": 585.9980270443781}, {"id": 82, "img_name": "0083", "width": 1281, "height": 720, "position": [-2.740229309071114, 0.11395058857461553, 0.984227825076472], "rotation": [[-0.8885613798362935, 0.06441325640118288, -0.45421317315024856], [0.04487533367853785, 0.997549475189188, 0.05367726685493107], [0.4565576400528877, 0.027312578596153606, -0.8892745045033996]], "fy": 586.3427139347606, "fx": 585.9980270443781}, {"id": 83, "img_name": "0084", "width": 1281, "height": 720, "position": [-2.7022562217129975, 0.09714686641097035, 0.8557470754133928], "rotation": [[-0.9776382528822599, 0.04310230238062792, -0.2058291476706124], [0.028337522758691266, 0.9968443270580699, 0.07415101089023933], [0.20837569749186807, 0.06666017657966902, -0.9757745587753066]], "fy": 586.3427139347606, "fx": 585.9980270443781}, {"id": 84, "img_name": "0085", "width": 1281, "height": 720, "position": [-2.6867913280842664, 0.0936072750826033, 0.833727559638536], "rotation": [[-0.989684569916134, 0.037400689992881125, -0.13829548242069228], [0.02648615019472648, 0.9964479819708719, 0.07993686930346522], [0.1407939484416074, 0.07544937119839563, -0.98715979277318]], "fy": 586.3427139347606, "fx": 585.9980270443781}, {"id": 85, "img_name": "0086", "width": 1281, "height": 720, "position": [-2.608407824686444, 0.09128125316143383, 0.7307579482218838], "rotation": [[-0.9878864712474982, 0.013290307365899947, 0.15460817461015697], [0.02967195548099668, 0.9941202933958495, 0.10413653209361096], [-0.15231511738530298, 0.10746259809193996, -0.9824723380468435]], "fy": 586.3427139347606, "fx": 585.9980270443781}, {"id": 86, "img_name": "0087", "width": 1281, "height": 720, "position": [-2.549101670206484, 0.08247826592133123, 0.6513387175164599], "rotation": [[-0.9631555263216528, 0.005635864854485093, 0.2688859779598057], [0.035143009027288494, 0.9938455869782624, 0.10505197837423581], [-0.2666390838428737, 0.11063085587292076, -0.9574259306579582]], "fy": 586.3427139347606, "fx": 585.9980270443781}, {"id": 87, "img_name": "0088", "width": 1281, "height": 720, "position": [-2.5080162736650307, 0.08080767451854884, 0.5880221610687653], "rotation": [[-0.9679925334739223, 0.004151596224803453, 0.2509446540325634], [0.030592863048016804, 0.9943590952050952, 0.1015581927440104], [-0.2491074705207815, 0.10598468772275775, -0.9626591889651532]], "fy": 586.3427139347606, "fx": 585.9980270443781}, {"id": 88, "img_name": "0089", "width": 1281, "height": 720, "position": [-2.4957804950842806, 0.08023827134492659, 0.5650810129075177], "rotation": [[-0.9737220233604342, 0.003928119965171878, 0.2277059311840612], [0.027318688004850836, 0.994646216638514, 0.09966239517683613], [-0.22609535711410536, 0.10326409637540751, -0.9686162376768289]], "fy": 586.3427139347606, "fx": 585.9980270443781}, {"id": 89, "img_name": "0090", "width": 1281, "height": 720, "position": [-2.4561408138332395, 0.07464720736992947, 0.47321813017941394], "rotation": [[-0.9937975228656865, 0.007932504159571143, 0.11092140877117736], [0.017129670497243937, 0.9964677395607096, 0.08221081682738426], [-0.10987746782065962, 0.08360095329915959, -0.9904230523734746]], "fy": 586.3427139347606, "fx": 585.9980270443781}, {"id": 90, "img_name": "0091", "width": 1281, "height": 720, "position": [-2.4164139515603518, 0.04731129006562028, 0.3723057099372665], "rotation": [[-0.9994743654815545, 0.02545934601079446, -0.0200702378148686], [0.02399184233552443, 0.9972410692323609, 0.07024700233920746], [0.021803308157022302, 0.06972855610866988, -0.9973277015186178]], "fy": 586.3427139347606, "fx": 585.9980270443781}, {"id": 91, "img_name": "0092", "width": 1281, "height": 720, "position": [-2.3992598902516264, 0.04748158851890102, 0.30166240662233484], "rotation": [[-0.9955007649408653, 0.038122407296168975, -0.08674623371706904], [0.03221130258602135, 0.9971274842309794, 0.06855079997279091], [0.08911037530985454, 0.06544816462776337, -0.9938691456922248]], "fy": 586.3427139347606, "fx": 585.9980270443781}, {"id": 92, "img_name": "0093", "width": 1281, "height": 720, "position": [-2.381802377495454, 0.0574228846941625, 0.2111539269614649], "rotation": [[-0.9889187750031446, 0.043947281435133684, -0.14180371257742277], [0.03503408082151854, 0.9972861759917815, 0.06475257799254351], [0.14426458202646442, 0.059067077379452916, -0.9877746760990476]], "fy": 586.3427139347606, "fx": 585.9980270443781}, {"id": 93, "img_name": "0094", "width": 1281, "height": 720, "position": [-2.374935945026061, 0.05660110972496486, 0.1628189666199408], "rotation": [[-0.9850878110447953, 0.04484724149110266, -0.16610457387324484], [0.03471207415810095, 0.9973826548834832, 0.06342642702547141], [0.1685143211677157, 0.05671476587462625, -0.9840662370456422]], "fy": 586.3427139347606, "fx": 585.9980270443781}, {"id": 94, "img_name": "0095", "width": 1281, "height": 720, "position": [-2.349762889692094, 0.04513581246529298, 0.03935590497511318], "rotation": [[-0.9689840774575174, 0.04745378068811156, -0.24252421803236124], [0.03174129859664543, 0.9971603840959873, 0.06829098295486526], [0.24507620773384403, 0.058474841495704054, -0.9677387794827951]], "fy": 586.3427139347606, "fx": 585.9980270443781}, {"id": 95, "img_name": "0096", "width": 1281, "height": 720, "position": [-2.3432856647007365, 0.04446759719968671, 0.016307671189984985], "rotation": [[-0.9642442075630843, 0.048880634420952564, -0.26046840837161817], [0.03160012006932609, 0.9970375040081773, 0.07012594393480918], [0.26312457238472237, 0.05938770226022398, -0.9629322718798072]], "fy": 586.3427139347606, "fx": 585.9980270443781}, {"id": 96, "img_name": "0097", "width": 1281, "height": 720, "position": [-2.3203935971716265, 0.047530909870953986, -0.05448926088957251], "rotation": [[-0.9441465343961795, 0.05460550438900121, -0.3249700916670743], [0.031950188759004815, 0.9966977131393586, 0.07465155096203123], [0.3279733327969636, 0.060099147358307445, -0.9427733478736321]], "fy": 586.3427139347606, "fx": 585.9980270443781}, {"id": 97, "img_name": "0098", "width": 1281, "height": 720, "position": [-2.2898750203512166, 0.0352577672377411, -0.15137647056523332], "rotation": [[-0.9069321897156197, 0.06260458061175875, -0.4165989315205402], [0.03482015719405977, 0.9966524544070442, 0.07396919478671996], [0.4198351580211106, 0.05257900351699861, -0.9060760941987972]], "fy": 586.3427139347606, "fx": 585.9980270443781}, {"id": 98, "img_name": "0099", "width": 1281, "height": 720, "position": [-2.274068118281567, 0.012463263004841954, -0.23533852310747455], "rotation": [[-0.8662744997472973, 0.06852639112938272, -0.49484606172662626], [0.03695056482518068, 0.9966231899455135, 0.07332716428397397], [0.4981999065100969, 0.04523661107567238, -0.8658813441642672]], "fy": 586.3427139347606, "fx": 585.9980270443781}, {"id": 99, "img_name": "0100", "width": 1281, "height": 720, "position": [-2.26760917799833, 0.009402910200733578, -0.28859501601031484], "rotation": [[-0.846765126020969, 0.06939439343766221, -0.5274213112058622], [0.035659505578351035, 0.9966294784398076, 0.0738788357156796], [0.5307704032975082, 0.04375043844598327, -0.846385655667193]], "fy": 586.3427139347606, "fx": 585.9980270443781}, {"id": 100, "img_name": "0101", "width": 1281, "height": 720, "position": [-2.2624703042017282, 0.012444440751775303, -0.3269572339373059], "rotation": [[-0.8413126278026668, 0.06795382581973379, -0.5362605149143768], [0.0330026575335106, 0.9966732531177295, 0.07452013899240936], [0.5395404404634533, 0.0449967118374