[{"id": 0, "img_name": "0001", "width": 1252, "height": 704, "position": [-5.6541605706355655, -0.013258764394913043, -1.555535087201517], "rotation": [[0.1764586768985504, 0.02456258070968953, 0.9840015319988545], [0.010168954293377282, 0.9995897545586909, -0.026775267503352247], [-0.984255519525185, 0.014730994880755854, 0.176136509770209]], "fy": 750.340944311594, "fx": 751.1560278729713}, {"id": 1, "img_name": "0002", "width": 1252, "height": 704, "position": [-5.5852243848189485, -0.010479230683089829, -1.5519610477519559], "rotation": [[0.17631057287371454, 0.025363053826133835, 0.9840077730351295], [0.009561619032263411, 0.9995766899929196, -0.027477559285349697], [-0.9842881475129243, 0.014253291669319287, 0.17599342698568285]], "fy": 750.340944311594, "fx": 751.1560278729713}, {"id": 2, "img_name": "0003", "width": 1252, "height": 704, "position": [-5.539578545314444, -0.013915320592281556, -1.54963679257484], "rotation": [[0.17558700375295372, 0.025458946246623846, 0.9841346687161628], [0.00928817118457047, 0.9995782209042503, -0.027515635008840855], [-0.9844201003581274, 0.013972199179268504, 0.17527647777436792]], "fy": 750.340944311594, "fx": 751.1560278729713}, {"id": 3, "img_name": "0004", "width": 1252, "height": 704, "position": [-5.459441814830463, -0.012137917502932652, -1.552801833178402], "rotation": [[0.17379118859527434, 0.026443392583880697, 0.9844274324475605], [0.009215590453847754, 0.9995519780705455, -0.028476587363069742], [-0.9847394049489583, 0.014021060013934657, 0.17346963485537445]], "fy": 750.340944311594, "fx": 751.1560278729713}, {"id": 4, "img_name": "0005", "width": 1252, "height": 704, "position": [-5.423974449906788, -0.008396372466859977, -1.5553480035742944], "rotation": [[0.1735934460533469, 0.026081708098926196, 0.9844719701393055], [0.009274816956543046, 0.9995616121408439, -0.028116922036727013], [-0.9847737269331194, 0.014011710710658098, 0.17327544172563647]], "fy": 750.340944311594, "fx": 751.1560278729713}, {"id": 5, "img_name": "0006", "width": 1252, "height": 704, "position": [-5.308162055087582, -0.014253337916543042, -1.570348803720438], "rotation": [[0.1736542263385563, 0.028170840131846123, 0.9844036841870429], [0.009599303392858036, 0.9994948729676439, -0.030296077068907554], [-0.9847599012191394, 0.01471063145005305, 0.17329608845329247]], "fy": 750.340944311594, "fx": 751.1560278729713}, {"id": 6, "img_name": "0007", "width": 1252, "height": 704, "position": [-5.270223795429005, -0.019854538035021203, -1.5736462525701633], "rotation": [[0.17377940550810123, 0.029935111319157374, 0.9843295217210345], [0.009734999373859419, 0.9994368267125716, -0.03211322465737827], [-0.9847364865833101, 0.015163064367532912, 0.17339011929906556]], "fy": 750.340944311594, "fx": 751.1560278729713}, {"id": 7, "img_name": "0008", "width": 1252, "height": 704, "position": [-5.232039036313251, -0.023683787783408405, -1.5760386940466038], "rotation": [[0.17417733033855692, 0.03233058906024078, 0.98418341309288], [0.009800783976116475, 0.9993544472718818, -0.034563468451023226], [-0.9846655281005761, 0.015665941686640476, 0.17374802456858046]], "fy": 750.340944311594, "fx": 751.1560278729713}, {"id": 8, "img_name": "0009", "width": 1252, "height": 704, "position": [-5.154531603259587, -0.017776905878079906, -1.5772270237127326], "rotation": [[0.17523911781805873, 0.03525617957765613, 0.9838944320342181], [0.009633046511776443, 0.9992493658623837, -0.037522116658388935], [-0.9844787737687646, 0.016053243448345855, 0.1747679529362796]], "fy": 750.340944311594, "fx": 751.1560278729713}, {"id": 9, "img_name": "0010", "width": 1252, "height": 704, "position": [-5.071959566763516, -0.008526325335290807, -1.5732620694032386], "rotation": [[0.17627862974959604, 0.03654595813375206, 0.9836616479449072], [0.009177583165512706, 0.9992060855845898, -0.03876816345871207], [-0.9842975244614022, 0.015861635313149783, 0.17580327603417328]], "fy": 750.340944311594, "fx": 751.1560278729713}, {"id": 10, "img_name": "0011", "width": 1252, "height": 704, "position": [-4.990193867985975, -0.011468876624054608, -1.56675112072924], "rotation": [[0.1771430513037554, 0.03763669475834985, 0.9834652096451918], [0.008623882206362607, 0.9991708053366245, -0.03979108466292019], [-0.9841473304493009, 0.015530002273911584, 0.17667159080872755]], "fy": 750.340944311594, "fx": 751.1560278729713}, {"id": 11, "img_name": "0012", "width": 1252, "height": 704, "position": [-4.953239506186963, -0.015293902244501716, -1.5649966012320224], "rotation": [[0.1775197882708926, 0.038169139756359896, 0.983376754627908], [0.008388897563139864, 0.9991525768858511, -0.040295837254472944], [-0.984081475879885, 0.015402755358158833, 0.1770491568956037]], "fy": 750.340944311594, "fx": 751.1560278729713}, {"id": 12, "img_name": "0013", "width": 1252, "height": 704, "position": [-4.844010829428757, -0.013732011350393966, -1.5651492055842027], "rotation": [[0.17958751357485406, 0.03930849347391002, 0.9829563404896542], [0.00823137418466217, 0.9991063310621394, -0.04145821644237609], [-0.9837075629713505, 0.015536459453890988, 0.1791034588739255]], "fy": 750.340944311594, "fx": 751.1560278729713}, {"id": 13, "img_name": "0014", "width": 1252, "height": 704, "position": [-4.82462232722771, -0.010640444943161008, -1.5654869439340968], "rotation": [[0.18007992510586404, 0.03957260672339195, 0.9828556503225597], [0.0082388982397176, 0.9990947045595995, -0.04173597820540719], [-0.9836174770354894, 0.01561345951678872, 0.17959086489088363]], "fy": 750.340944311594, "fx": 751.1560278729713}, {"id": 14, "img_name": "0015", "width": 1252, "height": 704, "position": [-4.728127835028661, -0.009981337872396037, -1.568144312407896], "rotation": [[0.18608224817633215, 0.040916076888247895, 0.9816818586312556], [0.008362890838968696, 0.9990303874419166, -0.04322437997784865], [-0.9824985796277047, 0.0162529880246352, 0.18555964380708873]], "fy": 750.340944311594, "fx": 751.1560278729713}, {"id": 15, "img_name": "0016", "width": 1252, "height": 704, "position": [-4.650529458052637, -0.01891409804668211, -1.5643036879869723], "rotation": [[0.19809728008172178, 0.04593041187375469, 0.9791056454179652], [0.008243598102133345, 0.9987881138168575, -0.048521611561189525], [-0.9801476984182304, 0.017683352715809057, 0.19747857686891984]], "fy": 750.340944311594, "fx": 751.1560278729713}, {"id": 16, "img_name": "0017", "width": 1252, "height": 704, "position": [-4.5738279210803965, -0.01911644881768624, -1.5603275048635483], "rotation": [[0.2158347236873368, 0.049317151746704, 0.9751836701844447], [0.007736829334207323, 0.9986059461504976, -0.052214038195901216], [-0.9763992592800675, 0.01881443213233535, 0.2151522800736107]], "fy": 750.340944311594, "fx": 751.1560278729713}, {"id": 17, "img_name": "0018", "width": 1252, "height": 704, "position": [-4.514219054738317, -0.011308290720535064, -1.55554617938553], "rotation": [[0.22780665288706373, 0.05031581176723437, 0.9724054956583681], [0.007194184315431838, 0.998549745509343, -0.053354001305075345], [-0.9736798101082452, 0.019150060820546395, 0.22711429404187872]], "fy": 750.340944311594, "fx": 751.1560278729713}, {"id": 18, "img_name": "0019", "width": 1252, "height": 704, "position": [-4.4937134616096115, -0.00881292882487625, -1.5535133492622657], "rotation": [[0.23126019026731642, 0.050582213156953416, 0.9715761236823748], [0.007058426937453413, 0.9985340066202288, -0.05366578269364736], [-0.9728663335765573, 0.019268558199763593, 0.23056413350347688]], "fy": 750.340944311594, "fx": 751.1560278729713}, {"id": 19, "img_name": "0020", "width": 1252, "height": 704, "position": [-4.377153253003271, -0.014492244406902194, -1.546476792521085], "rotation": [[0.24883509693296366, 0.050723367219500555, 0.9672167464184424], [0.006252930105115309, 0.9985227725327497, -0.0539738232721303], [-0.9685256813319217, 0.01947852025761476, 0.24815034122303883]], "fy": 750.340944311594, "fx": 751.1560278729713}, {"id": 20, "img_name": "0021", "width": 1252, "height": 704, "position": [-4.340250957652976, -0.019254876826144414, -1.5475399972232704], "rotation": [[0.2536197009457508, 0.050734165540442314, 0.9659726143836078], [0.006196247136504745, 0.998517904385586, -0.05407033514637335], [-0.9672841639423294, 0.019698707275676144, 0.25292945087129715]], "fy": 750.340944311594, "fx": 751.1560278729713}, {"id": 21, "img_name": "0022", "width": 1252, "height": 704, "position": [-4.268124394094698, -0.01699086044037252, -1.553805712717492], "rotation": [[0.25886508347835124, 0.051012218223030245, 0.9645655095159229], [0.006288082538919401, 0.9984942904571542, -0.05449414594658851], [-0.9658930212884497, 0.02017189917757605, 0.25815453881316863]], "fy": 750.340944311594, "fx": 751.1560278729713}, {"id": 22, "img_name": "0023", "width": 1252, "height": 704, "position": [-4.23205872424727, -0.010964785056330164, -1.5563086220785012], "rotation": [[0.2606476646464631, 0.05101801986831163, 0.9640850359605532], [0.006480774261319791, 0.9984877846120714, -0.05459069101459682], [-0.9654122406927097, 0.020476953611168035, 0.259922872967131]], "fy": 750.340944311594, "fx": 751.1560278729713}, {"id": 23, "img_name": "0024", "width": 1252, "height": 704, "position": [-4.157304925727951, -0.004100657336778098, -1.5629378290633988], "rotation": [[0.2649922325967045, 0.050783938631913626, 0.9629123055815849], [0.006573994840684247, 0.9984937850929099, -0.0544696587346434], [-0.9642281365191789, 0.020764217005798447, 0.2642592439951485]], "fy": 750.340944311594, "fx": 751.1560278729713}, {"id": 24, "img_name": "0025", "width": 1252, "height": 704, "position": [-4.079215601493036, -0.009670609082920287, -1.5653276949871473], "rotation": [[0.27298344964370536, 0.05047034900538437, 0.9606939055140805], [0.006679171416893398, 0.9984993694545945, -0.054354373034387324], [-0.9619955430716954, 0.021254483528241174, 0.27223670222830226]], "fy": 750.340944311594, "fx": 751.1560278729713}, {"id": 25, "img_name": "0026", "width": 1252, "height": 704, "position": [-4.00413846179365, -0.012922054680438366, -1.5674909628431304], "rotation": [[0.2846066657964192, 0.05001350899052295, 0.9573388609592217], [0.00638820024506511, 0.9985170436190136, -0.054063892756383576], [-0.9586230941730303, 0.021502616603559548, 0.2838651102149151]], "fy": 750.340944311594, "fx": 751.1560278729713}, {"id": 26, "img_name": "0027", "width": 1252, "height": 704, "position": [-3.9449349763996278, -0.005200390616359717, -1.567313124726413], "rotation": [[0.29262281183696986, 0.049663407319073816, 0.9549373989775901], [0.006107095809234279, 0.9985329433467368, -0.053802085759554884], [-0.9562084466126631, 0.02157561180503187, 0.2918902184072573]], "fy": 750.340944311594, "fx": 751.1560278729713}, {"id": 27, "img_name": "0028", "width": 1252, "height": 704, "position": [-3.883133876964271, 0.001621314813973092, -1.5639650228513575], "rotation": [[0.2987275483981562, 0.04884604009360545, 0.9530875700559739], [0.005782293851265168, 0.9985783120985724, -0.05298980736126049], [-0.954320919243545, 0.02134054763917183, 0.2980204088994834]], "fy": 750.340944311594, "fx": 751.1560278729713}, {"id": 28, "img_name": "0029", "width": 1252, "height": 704, "position": [-3.8423087599444066, 0.0014344384141177144, -1.5609928566075293], "rotation": [[0.3017240869497341, 0.048205463467032646, 0.9521758286400036], [0.0055261342548617405, 0.9986157264944028, -0.052307672843027585], [-0.9533792724800271, 0.021044336292326788, 0.30104002842723243]], "fy": 750.340944311594, "fx": 751.1560278729713}, {"id": 29, "img_name": "0030", "width": 1252, "height": 704, "position": [-3.7632057775624936, -0.009626410968815464, -1.5566813984532717], "rotation": [[0.3061536188935114, 0.04695383600849299, 0.9508234846292418], [0.005057932754962114, 0.9986885953241472, -0.05094611747452012], [-0.9519686859107567, 0.020406539480491762, 0.3055146382610468]], "fy": 750.340944311594, "fx": 751.1560278729713}, {"id": 30, "img_name": "0031", "width": 1252, "height": 704, "position": [-3.650217487288643, -0.006940557139725687, -1.554137193322754], "rotation": [[0.30918232062218937, 0.04626280344346703, 0.9498768581412164], [0.004842718977059369, 0.9987265258726113, -0.050218269497600464], [-0.9509904524692069, 0.02012658778768862, 0.3085645471800633]], "fy": 750.340944311594, "fx": 751.1560278729713}, {"id": 31, "img_name": "0032", "width": 1252, "height": 704, "position": [-3.6115535258028113, -0.0009875260559521896, -1.5529262668257369], "rotation": [[0.31010888178176216, 0.04550458364788855, 0.9496114017360454], [0.0048570035210595336, 0.9987649834971647, -0.0494461045655243], [-0.9506886403848851, 0.019945942117149083, 0.30950487627208384]], "fy": 750.340944311594, "fx": 751.1560278729713}, {"id": 32, "img_name": "0033", "width": 1252, "height": 704, "position": [-3.530459660624823, 0.002262524715464568, -1.5497847467237986], "rotation": [[0.3127658522783785, 0.04472773649175961, 0.9487765549574375], [0.004837896625459691, 0.9988026648074423, -0.048680915457637065], [-0.94981793855708, 0.0198158109063434, 0.31217497855097726]], "fy": 750.340944311594, "fx": 751.1560278729713}, {"id": 33, "img_name": "0034", "width": 1252, "height": 704, "position": [-3.451399872886495, -0.0069779526096726665, -1.5402299306007126], "rotation": [[0.3192891271193977, 0.04414673557261461, 0.9466285010718906], [0.004713874980419828, 0.9988279781090662, -0.048171044510411785], [-0.9476456261103102, 0.019842779161114134, 0.3187068110805937]], "fy": 750.340944311594, "fx": 751.1560278729713}, {"id": 34, "img_name": "0035", "width": 1252, "height": 704, "position": [-3.3956182252000517, -0.009665700424732682, -1.5311073234006793], "rotation": [[0.3281235250315515, 0.04382174147229103, 0.9436178290469105], [0.004381675807259893, 0.998842046049168, -0.047909998553871076], [-0.9446246626242555, 0.01985502502258666, 0.327551560434939]], "fy": 750.340944311594, "fx": 751.1560278729713}, {"id": 35, "img_name": "0036", "width": 1252, "height": 704, "position": [-3.3763307878436932, -0.008321010928715998, -1.5273514578558471], "rotation": [[0.3315129071274649, 0.043674600666546784, 0.9424392403038586], [0.004283000583104174, 0.9988479695246307, -0.04779528933407928], [-0.9434409617532523, 0.019881223129900618, 0.3309439358153541]], "fy": 750.340944311594, "fx": 751.1560278729713}, {"id": 36, "img_name": "0037", "width": 1252, "height": 704, "position": [-3.255130077056414, 0.007142015109424872, -1.501123745041652], "rotation": [[0.34997982950790635, 0.042845921723114314, 0.9357768675968184], [0.0032498514040401527, 0.99889189871767, -0.0469511782819066], [-0.9367515985593343, 0.019473101137324804, 0.3494527735311697]], "fy": 750.340944311594, "fx": 751.1560278729713}, {"id": 37, "img_name": "0038", "width": 1252, "height": 704, "position": [-3.2132575868108977, 0.006652682117640679, -1.4898292671678224], "rotation": [[0.3561054369171793, 0.042266855275576075, 0.9334893843762437], [0.002891298276579471, 0.9989218889039456, -0.04633249683374554], [-0.9344413080511266, 0.019198250276697033, 0.3555993096084588]], "fy": 750.340944311594, "fx": 751.1560278729713}, {"id": 38, "img_name": "0039", "width": 1252, "height": 704, "position": [-3.140440429193821, -0.0025952772670052235, -1.4776507486418158], "rotation": [[0.368867346960932, 0.04069343738648451, 0.9285908272752189], [0.002451689070003517, 0.9989950902373895, -0.044752641288464075], [-0.9294788160935712, 0.01878440404330618, 0.36839690090720145]], "fy": 750.340944311594, "fx": 751.1560278729713}, {"id": 39, "img_name": "0040", "width": 1252, "height": 704, "position": [-3.103348178632664, -0.004111964907363972, -1.4735077454455299], "rotation": [[0.3731047959922843, 0.04046254943381401, 0.9269064641596106], [0.002313789849101569, 0.9990048666948665, -0.04454124713685308], [-0.9277863210805007, 0.01876321969407661, 0.37263988514733865]], "fy": 750.340944311594, "fx": 751.1560278729713}, {"id": 40, "img_name": "0041", "width": 1252, "height": 704, "position": [-3.0309747407394028, 0.0019020174205142707, -1.4625175346983366], "rotation": [[0.3807485004224345, 0.03962799097040882, 0.9238290977002815], [0.002468330068983101, 0.9990341443396399, -0.043871241038224214], [-0.924675341280786, 0.01898422437743016, 0.38028293736644203]], "fy": 750.340944311594, "fx": 751.1560278729713}, {"id": 41, "img_name": "0042", "width": 1252, "height": 704, "position": [-2.9507509615164054, 0.005325599567799339, -1.4556540359723773], "rotation": [[0.38956304114367335, 0.03920875725053087, 0.9201648278051934], [0.002518965163346404, 0.9990443077265889, -0.04363629239069905], [-0.9209963581846556, 0.01931694991373319, 0.3890919732616337]], "fy": 750.340944311594, "fx": 751.1560278729713}, {"id": 42, "img_name": "0043", "width": 1252, "height": 704, "position": [-2.864502751693539, -0.0017789734433054445, -1.4421323530280068], "rotation": [[0.39929029919347697, 0.039794136346062436, 0.9159605251769611], [0.002855407162037123, 0.9989987672104782, -0.04464649775608], [-0.9168201042843261, 0.020442353690699643, 0.39877688819145685]], "fy": 750.340944311594, "fx": 751.1560278729713}, {"id": 43, "img_name": "0044", "width": 1252, "height": 704, "position": [-2.7891372092657676, -0.007875035018866206, -1.4262352308282193], "rotation": [[0.41113376273472174, 0.039373697300683026, 0.9107242947788663], [0.0025525485123807897, 0.9990131029319635, -0.04434303402274229], [-0.9115714528415647, 0.020555586372670662, 0.4106275127572363]], "fy": 750.340944311594, "fx": 751.1560278729713}, {"id": 44, "img_name": "0045", "width": 1252, "height": 704, "position": [-2.750864637473176, -0.004198844504836858, -1.4158678919275887], "rotation": [[0.4167699457533177, 0.039562619498743186, 0.9081506546026239], [0.0022581308306478674, 0.9990042975109169, -0.04455686703384304], [-0.9090091931118895, 0.02062068604866378, 0.4162656293101248]], "fy": 750.340944311594, "fx": 751.1560278729713}, {"id": 45, "img_name": "0046", "width": 1252, "height": 704, "position": [-2.6949129869926525, 0.0028267986863874084, -1.3973672804957065], "rotation": [[0.4254121666631032, 0.03937885098147763, 0.9041425742383677], [0.0015088093730370436, 0.9990206307300745, -0.044221068168465424], [-0.9049984596391751, 0.02017635921227635, 0.4249361158805609]], "fy": 750.340944311594, "fx": 751.1560278729713}, {"id": 46, "img_name": "0047", "width": 1252, "height": 704, "position": [-2.6385533627633855, 0.0038455343028545785, -1.3783466984254595], "rotation": [[0.43405392567574036, 0.039755507713044334, 0.9000092717366619], [0.0006406018493064023, 0.9990119550099972, -0.04443763468473705], [-0.9008866628132248, 0.019864877386521967, 0.43359959341732435]], "fy": 750.340944311594, "fx": 751.1560278729713}, {"id": 47, "img_name": "0048", "width": 1252, "height": 704, "position": [-2.5694038999706814, -0.00406705416050434, -1.3648583091854727], "rotation": [[0.44582336526395927, 0.03987592177054194, 0.894232317604138], [0.00019383979429122682, 0.999002917148825, -0.044644528827972624], [-0.8951209356343156, 0.02007691189120354, 0.4453711128913283]], "fy": 750.340944311594, "fx": 751.1560278729713}, {"id": 48, "img_name": "0049", "width": 1252, "height": 704, "position": [-2.4943744276852726, -0.0006859291714440807, -1.3515127866381862], "rotation": [[0.4532098653955682, 0.03998662886120614, 0.8905065341817806], [0.00037810717885536685, 0.9989846582007684, -0.04505008007157183], [-0.8914037665071263, 0.02075384763868838, 0.4527345832439773]], "fy": 750.340944311594, "fx": 751.1560278729713}, {"id": 49, "img_name": "0050", "width": 1252, "height": 704, "position": [-2.421395451782666, 0.010332317575091081, -1.3330449054402822], "rotation": [[0.46023713446003744, 0.038701632332394854, 0.8869520639351496], [0.0005014975881164557, 0.9990378836513456, -0.043852657041616006], [-0.8877958822635881, 0.020627425536130513, 0.45977492401344455]], "fy": 750.340944311594, "fx": 751.1560278729713}, {"id": 50, "img_name": "0051", "width": 1252, "height": 704, "position": [-2.3473853675274325, 0.008973083091129881, -1.3144815776391034], "rotation": [[0.47096657136360076, 0.0381027275660247, 0.8813277885157392], [0.0003485521864061384, 0.9990586324093514, -0.043378883338896286], [-0.8821509888728729, 0.020737192683329256, 0.470509937908039]], "fy": 750.340944311594, "fx": 751.1560278729713}, {"id": 51, "img_name": "0052", "width": 1252, "height": 704, "position": [-2.2793340349073334, 0.005134980892745476, -1.285263090459439], "rotation": [[0.48756580912199227, 0.03770695774010404, 0.8722716131533816], [-5.194383679967654e-05, 0.9990682086519729, -0.04315914460199614], [-0.8730862380527221, 0.020997614124566678, 0.4871134581635176]], "fy": 750.340944311594, "fx": 751.1560278729713}, {"id": 52, "img_name": "0053", "width": 1252, "height": 704, "position": [-2.245980689682608, 0.004169844303135781, -1.2703699772282064], "rotation": [[0.49781752807798746, 0.037569668712131604, 0.8664676732176353], [-0.0005271481983232778, 0.9990742200478544, -0.043016566001357504], [-0.8672816329503923, 0.02095764368035736, 0.49737646337383923]], "fy": 750.340944311594, "fx": 751.1560278729713}, {"id": 53, "img_name": "0054", "width": 1252, "height": 704, "position": [-2.2139237219002736, 0.007174660157235824, -1.2543054696092655], "rotation": [[0.5082856080806674, 0.0374585655528185, 0.8603735214921433], [-0.0010059518613959176, 0.9990787289738088, -0.04290316273809175], [-0.8611879752289382, 0.02094156581547401, 0.5078550207906557]], "fy": 750.340944311594, "fx": 751.1560278729713}, {"id": 54, "img_name": "0055", "width": 1252, "height": 704, "position": [-2.166483504843708, 0.015022631859688971, -1.2274107752073722], "rotation": [[0.5239410720131658, 0.03740153145530493, 0.8509329459496159], [-0.0019173947477140367, 0.9990846993964885, -0.042732739547206335], [-0.8517523564129867, 0.02075786300720206, 0.5235332219337168]], "fy": 750.340944311594, "fx": 751.1560278729713}, {"id": 55, "img_name": "0056", "width": 1252, "height": 704, "position": [-2.0864656715000094, 0.007907226633541651, -1.1827676360094614], "rotation": [[0.5480590777309158, 0.03709931827341025, 0.8356164717742143], [-0.003369266957429656, 0.9991056961788313, -0.04214802371621256], [-0.8364328397169177, 0.020284192038655405, 0.5476939439106766]], "fy": 750.340944311594, "fx": 751.1560278729713}, {"id": 56, "img_name": "0057", "width": 1252, "height": 704, "position": [-2.05527282858219, 0.0015650757074828657, -1.1647264678990725], "rotation": [[0.5576761018681226, 0.03684815322778906, 0.829240362626468], [-0.003420450159360297, 0.9991077120886861, -0.042096082544799636], [-0.8300516043752233, 0.02063960388700888, 0.5573045314955772]], "fy": 750.340944311594, "fx": 751.1560278729713}, {"id": 57, "img_name": "0058", "width": 1252, "height": 704, "position": [-1.9903244988030768, -0.001746832522433932, -1.1348414951428618], "rotation": [[0.5732492305440464, 0.036474334726652416, 0.8185688380257986], [-0.0035028371867431166, 0.9991086983226386, -0.04206588959818558], [-0.8193735715852088, 0.021246925478564823, 0.5728660561993585]], "fy": 750.340944311594, "fx": 751.1560278729713}, {"id": 58, "img_name": "0059", "width": 1252, "height": 704, "position": [-1.9107638984835063, 0.004771644940503856, -1.093789966132821], "rotation": [[0.5894076327999292, 0.03568565950656341, 0.8070471957096224], [-0.0034059938814474987, 0.9991247312376018, -0.04169137362896303], [-0.8078285966731205, 0.02182441602819815, 0.589013287848555]], "fy": 750.340944311594, "fx": 751.1560278729713}, {"id": 59, "img_name": "0060", "width": 1252, "height": 704, "position": [-1.8952058614370297, 0.0035778366119169833, -1.085306276868783], "rotation": [[0.5930295516773286, 0.035807830042061284, 0.8043840812354914], [-0.0035204661679034523, 0.9991164016164464, -0.041881049878966875], [-0.8051729982776044, 0.022004893289509914, 0.592631611978276]], "fy": 750.340944311594, "fx": 751.1560278729713}, {"id": 60, "img_name": "0061", "width": 1252, "height": 704, "position": [-1.8047655160048652, -0.005462591275756491, -1.0225686076032836], "rotation": [[0.6204430680352965, 0.03825633124575156, 0.7833178489263241], [-0.0037640335593296733, 0.9989432699609304, -0.045805845163341914], [-0.7842424570107845, 0.025471484436112985, 0.6199314253224372]], "fy": 750.340944311594, "fx": 751.1560278729713}, {"id": 61, "img_name": "0062", "width": 1252, "height": 704, "position": [-1.7895131376707616, -0.005874445542114237, -1.0113149784345963], "rotation": [[0.6259148549130177, 0.03844434752935284, 0.7789432755613583], [-0.004004134972449976, 0.9989295355958966, -0.04608416015605347], [-0.7798811199806918, 0.02572576640663451, 0.6253987716972692]], "fy": 750.340944311594, "fx": 751.1560278729713}, {"id": 62, "img_name": "0063", "width": 1252, "height": 704, "position": [-1.7157195073985791, -0.0013970843421745385, -0.9522675149355869], "rotation": [[0.6490046345138808, 0.03855393252328421, 0.7598069351266108], [-0.005076778658871192, 0.9989123546158334, -0.046350125288941696], [-0.760767514223598, 0.026224074489709082, 0.648494477400699]], "fy": 750.340944311594, "fx": 751.1560278729713}, {"id": 63, "img_name": "0064", "width": 1252, "height": 704, "position": [-1.6592134094427105, -0.0003642475530900808, -0.902058601999281], "rotation": [[0.6603070502373115, 0.04035468055780974, 0.7499107274629281], [-0.006166761152218125, 0.9988129255337582, -0.04831884563590051], [-0.7509704191669548, 0.02728075409096345, 0.6597720742744697]], "fy": 750.340944311594, "fx": 751.1560278729713}, {"id": 64, "img_name": "0065", "width": 1252, "height": 704, "position": [-1.6207972037672669, -0.007513740708612853, -0.8692522277280164], "rotation": [[0.6662285679359239, 0.041688307123110044, 0.7445814799706322], [-0.0066494157603656295, 0.9987286819919483, -0.04996804015239239], [-0.745717963130897, 0.028339104005500045, 0.6656587824464363]], "fy": 750.340944311594, "fx": 751.1560278729713}, {"id": 65, "img_name": "0066", "width": 1252, "height": 704, "position": [-1.5851670281992547, -0.012471098169824958, -0.8389501943299769], "rotation": [[0.6708231379538945, 0.04219382939793438, 0.7404160981140459], [-0.006711843574191018, 0.9986847302633093, -0.05083070621914092], [-0.741586993374025, 0.029128856819982295, 0.6702240229645867]], "fy": 750.340944311594, "fx": 751.1560278729713}, {"id": 66, "img_name": "0067", "width": 1252, "height": 704, "position": [-1.5221822867182087, -0.0063797446004759594, -0.78596196617942], "rotation": [[0.6746162655510541, 0.0431830812224791, 0.7369044142560703], [-0.006694510440852175, 0.9986042502419263, -0.052390217872401196], [-0.7381382511317962, 0.030410078837338074, 0.673963759649731]], "fy": 750.340944311594, "fx": 751.1560278729713}, {"id": 67, "img_name": "0068", "width": 1252, "height": 704, "position": [-1.4804654437605298, -0.00021118460598899233, -0.7526276243873969], "rotation": [[0.6763981940925614, 0.04410770873284526, 0.7352142497657803], [-0.006710863851246855, 0.9985328968635312, -0.05373097977606013], [-0.7365055650398653, 0.03140961495567626, 0.675701849008603]], "fy": 750.340944311594, "fx": 751.1560278729713}, {"id": 68, "img_name": "0069", "width": 1252, "height": 704, "position": [-1.4663519204640965, 0.0007231354459230795, -0.7413040017875909], "rotation": [[0.6768989924446028, 0.044463481301464, 0.7347317557163537], [-0.00670488024585672, 0.9985049265282245, -0.05424902100272466], [-0.7360453780904882, 0.03179481922294421, 0.6761851010353676]], "fy": 750.340944311594, "fx": 751.1560278729713}, {"id": 69, "img_name": "0070", "width": 1252, "height": 704, "position": [-1.3860037689034996, -0.0030273302454210923, -0.6711018751402668], "rotation": [[0.6818149060503549, 0.04566485629024922, 0.7300980446402637], [-0.0065280265085061896, 0.9983897814546598, -0.05634917174919955], [-0.7314956040588689, 0.03365360585297563, 0.6810151364365131]], "fy": 750.340944311594, "fx": 751.1560278729713}, {"id": 70, "img_name": "0071", "width": 1252, "height": 704, "position": [-1.3739807437140914, -0.003465845136470728, -0.6605291296137501], "rotation": [[0.6827604139955754, 0.045763133291754785, 0.7292077568923083], [-0.006561377568841339, 0.9983803458711648, -0.05651224028980378], [-0.730612869723077, 0.03379971315698556, 0.6819548474683025]], "fy": 750.340944311594, "fx": 751.1560278729713}, {"id": 71, "img_name": "0072", "width": 1252, "height": 704, "position": [-1.324542174132747, -0.0025369419564948616, -0.6163834348759288], "rotation": [[0.686804795227057, 0.04575701022910175, 0.7254002131706432], [-0.006726945656989194, 0.9983738932414404, -0.05660669126575676], [-0.7268107879326285, 0.033998019189691996, 0.6859957822289645]], "fy": 750.340944311594, "fx": 751.1560278729713}, {"id": 72, "img_name": "0073", "width": 1252, "height": 704, "position": [-1.2734398741228776, -1.4337570028445748e-05, -0.5726635511973835], "rotation": [[0.6896778673636127, 0.04592603089273845, 0.7226584524899841], [-0.0068831464744552595, 0.9983574030003552, -0.05687809920344702], [-0.7240836012252936, 0.034253402178837614, 0.688861120165585]], "fy": 750.340944311594, "fx": 751.1560278729713}, {"id": 73, "img_name": "0074", "width": 1252, "height": 704, "position": [-1.2235351653935116, -0.002426091094739324, -0.5270941468853604], "rotation": [[0.6913092929724401, 0.04612542459072572, 0.7210852284274516], [-0.0069237075424977475, 0.9983374406032636, -0.05722252147180586], [-0.7225257945041207, 0.03456587762592752, 0.6904793091614972]], "fy": 750.340944311594, "fx": 751.1560278729713}, {"id": 74, "img_name": "0075", "width": 1252, "height": 704, "position": [-1.1741702183572644, -0.011929376196599024, -0.4897403263072952], "rotation": [[0.6924491317069619, 0.045975697505725464, 0.720000302247948], [-0.007031313302867154, 0.9983501317338876, -0.056987499507935524], [-0.7214324366366619, 0.03439839684915652, 0.691629951392142]], "fy": 750.340944311594, "fx": 751.1560278729713}, {"id": 75, "img_name": "0076", "width": 1252, "height": 704, "position": [-1.120155149280392, -0.0158198825894308, -0.4578706669841172], "rotation": [[0.6926876150337568, 0.04575910156921326, 0.7197846709971145], [-0.0063791972992206245, 0.9983349926525515, -0.05732842477556234], [-0.7212095214434315, 0.03511904140218122, 0.6918261914023842]], "fy": 750.340944311594, "fx": 751.1560278729713}, {"id": 76, "img_name": "0077", "width": 1252, "height": 704, "position": [-1.1062886890042163, -0.014704356001927628, -0.4489450587981484], "rotation": [[0.6927743758613611, 0.04556384700084595, 0.7197135541285745], [-0.006145455271472899, 0.9983387959647638, -0.057287711170301195], [-0.7211282115750348, 0.03526449089536141, 0.6919035468564122]], "fy": 750.340944311594, "fx": 751.1560278729713}, {"id": 77, "img_name": "0078", "width": 1252, "height": 704, "position": [-1.0333003005436865, -0.005072012332505683, -0.40736374577080636], "rotation": [[0.6928355418423962, 0.04436460816840066, 0.7197295974892358], [-0.005228403131127342, 0.998388439949072, -0.05650828945169866], [-0.7210766781422429, 0.03538791485977687, 0.691950951817559]], "fy": 750.340944311594, "fx": 751.1560278729713}, {"id": 78, "img_name": "0079", "width": 1252, "height": 704, "position": [-0.9719549502365196, -0.0017540115885966057, -0.37251155166930805], "rotation": [[0.6928312458699672, 0.04341560707242255, 0.7197916016520349], [-0.004509540111930494, 0.998427228889272, -0.055881416056393074], [-0.721085659817367, 0.03547046200744825, 0.6919373653234303]], "fy": 750.340944311594, "fx": 751.1560278729713}, {"id": 79, "img_name": "0080", "width": 1252, "height": 704, "position": [-0.9415523049531495, -0.0026941376832098326, -0.352915838158341], "rotation": [[0.693131064365275, 0.04328902638855051, 0.7195105195938359], [-0.004426608018652971, 0.9984318245243967, -0.05580588605455657], [-0.7207979833166224, 0.03549580216330279, 0.6922357367800896]], "fy": 750.340944311594, "fx": 751.1560278729713}, {"id": 80, "img_name": "0081", "width": 1252, "height": 704, "position": [-0.8660696530242524, -0.0028970303100710787, -0.3056362858475794], "rotation": [[0.6962075994214764, 0.04257968796105513, 0.7165765476771649], [-0.004578565918740334, 0.9984823283347949, -0.0548823900468511], [-0.7178258947975569, 0.03492864406566804, 0.695345938782863]], "fy": 750.340944311594, "fx": 751.1560278729713}, {"id": 81, "img_name": "0082", "width": 1252, "height": 704, "position": [-0.8502508256103635, -0.0013962333111748148, -0.29633563293674275], "rotation": [[0.6970387107990187, 0.042393664642656946, 0.7157791648586929], [-0.004618821386340507, 0.9984954206002058, -0.05464029217912359], [-0.7170186204950629, 0.03478034270367172, 0.6961857694787879]], "fy": 750.340944311594, "fx": 751.1560278729713}, {"id": 82, "img_name": "0083", "width": 1252, "height": 704, "position": [-0.7516511274308322, 0.011310843593124363, -0.2398308696561241], "rotation": [[0.7004108955844969, 0.04150538935737293, 0.7125320203336942], [-0.004486218435448944, 0.9985440314357233, -0.05375584738651055], [-0.7137257534870604, 0.03445460692542069, 0.6995773215813548]], "fy": 750.340944311594, "fx": 751.1560278729713}, {"id": 83, "img_name": "0084", "width": 1252, "height": 704, "position": [-0.7021086013686203, 0.012730363179135005, -0.2123673043301322], "rotation": [[0.7012234595145241, 0.04081484786147035, 0.711772300683672], [-0.004405129871451968, 0.9985889431167105, -0.05292180567465684], [-0.712927944926623, 0.03397456223552451, 0.7004137880307656]], "fy": 750.340944311594, "fx": 751.1560278729713}, {"id": 84, "img_name": "0085", "width": 1252, "height": 704, "position": [-0.654978330634787, 0.0082916573493666, -0.18920309485147974], "rotation": [[0.7020646890775272, 0.039477314884020065, 0.7110180827236555], [-0.004140699901362824, 0.9986716240933021, -0.051359924407782455], [-0.7121011353416046, 0.03311387685539406, 0.7012955469734594]], "fy": 750.340944311594, "fx": 751.1560278729713}, {"id": 85, "img_name": "0086", "width": 1252, "height": 704, "position": [-0.6383335826337452, 0.007277677009285048, -0.1835584476561655], "rotation": [[0.7021864772875489, 0.03927331015496781, 0.7109091068652684], [-0.004158885594133861, 0.9986867551703001, -0.0510633794223635], [-0.7119809370939062, 0.03289942487170641, 0.7014276677306035]], "fy": 750.340944311594, "fx": 751.1560278729713}, {"id": 86, "img_name": "0087", "width": 1252, "height": 704, "position": [-0.5552813175726993, 0.011323968840583856, -0.1515249205618488], "rotation": [[0.7021578603479534, 0.03700838761367954, 0.7110588712601932], [-0.003428783792779998, 0.9988124755302477, -0.048599199240737544], [-0.7120130494543526, 0.03168624262001074, 0.7014509244668077]], "fy": 750.340944311594, "fx": 751.1560278729713}, {"id": 87, "img_name": "0088", "width": 1252, "height": 704, "position": [-0.4843737164329451, 0.019398391783411396, -0.12875925470555646], "rotation": [[0.70208272606464, 0.03602751038600324, 0.7111834251844105], [-0.0029288288733399503, 0.9988569699868076, -0.04770928075547041], [-0.7120893677924665, 0.03141292734146301, 0.7013857428496573]], "fy": 750.340944311594, "fx": 751.1560278729713}, {"id": 88, "img_name": "0089", "width": 1252, "height": 704, "position": [-0.44701694888175686, 0.019433030450792355, -0.11486713758417878], "rotation": [[0.7020257032662747, 0.03557499901981248, 0.7112624912071721], [-0.0025402823703943008, 0.9988702466750924, -0.04745289530385814], [-0.7121470767467706, 0.031506344630575604, 0.701322957936676]], "fy": 750.340944311594, "fx": 751.1560278729713}, {"id": 89, "img_name": "0090", "width": 1252, "height": 704, "position": [-0.3785279897513035, 0.010859023543381497, -0.084201428652989], "rotation": [[0.7021225279939648, 0.034716946871047864, 0.7112093146769923], [-0.0023700609232449638, 0.9989191329558768, -0.0464214242123198], [-0.7120522020853417, 0.03090791831607047, 0.701445908171673]], "fy": 750.340944311594, "fx": 751.1560278729713}, {"id": 90, "img_name": "0091", "width": 1252, "height": 704, "position": [-0.3120267704860798, 0.00966757915585916, -0.04998199712426703], "rotation": [[0.702839827417219, 0.03458604892880191, 0.7105068488168349], [-0.002914411039371486, 0.9989489499180731, -0.04574387025463529], [-0.7113421702699958, 0.030079904871422692, 0.7022019055218367]], "fy": 750.340944311594, "fx": 751.1560278729713}, {"id": 91, "img_name": "0092", "width": 1252, "height": 704, "position": [-0.24466044786207083, 0.014808157955806832, -0.012892557093353647], "rotation": [[0.7042020399707282, 0.034537379273378334, 0.7091591191925771], [-0.003614195997318251, 0.998977602376917, -0.04506315053964361], [-0.709990439716168, 0.0291705224874775, 0.70360689033682]], "fy": 750.340944311594, "fx": 751.1560278729713}, {"id": 92, "img_name": "0093", "width": 1252, "height": 704, "position": [-0.2115713704545761, 0.013523112634042678, 0.004448232232970258], "rotation": [[0.7050070228366391, 0.03437806014708324, 0.7083666047545876], [-0.003964916600580464, 0.998999876192773, -0.044536802794709604], [-0.7091892393341631, 0.02859014423447245, 0.7044382346702109]], "fy": 750.340944311594, "fx": 751.1560278729713}, {"id": 93, "img_name": "0094", "width": 1252, "height": 704, "position": [-0.148944526289404, 0.0038526283486708173, 0.03493086093918305], "rotation": [[0.7071932284322566, 0.034610064219802686, 0.7061726992133461], [-0.00419924128213036, 0.9989891264470515, -0.04475591148900073], [-0.7070078528787473, 0.028685687986484656, 0.7066236815112591]], "fy": 750.340944311594, "fx": 751.1560278729713}, {"id": 94, "img_name": "0095", "width": 1252, "height": 704, "position": [-0.11678837834813395, -0.0005379218937770689, 0.044925610924560294], "rotation": [[0.7083070177937387, 0.03483462156454168, 0.7050444792242515], [-0.004270560618304605, 0.9989748510203162, -0.0450667209916867], [-0.7058915857666432, 0.02891013956023591, 0.7077296609401511]], "fy": 750.340944311594, "fx": 751.1560278729713}, {"id": 95, "img_name": "0096", "width": 1252, "height": 704, "position": [-0.04742021820859408, 0.0013367989673874823, 0.0655246127865391], "rotation": [[0.7095645232614918, 0.035000254599049985, 0.7037706796298729], [-0.0036861157990566392, 0.9989363368479662, -0.045963109937016786], [-0.7046308252404289, 0.03001961196897836, 0.7089388006155566]], "fy": 750.340944311594, "fx": 751.1560278729713}, {"id": 96, "img_name": "0097", "width": 1252, "height": 704, "position": [0.05369985992169735, 0.009267259320473158, 0.09492928035698382], "rotation": [[0.71253313171284, 0.034631866020927576, 0.7007832546996261], [-0.002442530228343364, 0.9988975031523128, -0.046880830220446694], [-0.7016342140015522, 0.031692460491152145, 0.7118321555608743]], "fy": 750.340944311594, "fx": 751.1560278729713}, {"id": 97, "img_name": "0098", "width": 1252, "height": 704, "position": [0.09966602470970325, 0.0055991425938690265, 0.11286045787876973], "rotation": [[0.7159591794278737, 0.03465758117030352, 0.697281367498365], [-0.002274484837450618, 0.9988775391743074, -0.047312666927618284], [-0.69813843907329, 0.03228798229223, 0.7152343714390452]], "fy": 750.340944311594, "fx": 751.1560278729713}, {"id": 98, "img_name": "0099", "width": 1252, "height": 704, "position": [0.14531286480902583, 0.0009473483700116921, 0.1334786271894688], "rotation": [[0.7212513420476875, 0.03504384853394458, 0.6917864050950548], [-0.0027316280671297434, 0.9988555311333583, -0.04775108514368498], [-0.6926680588871645, 0.03255083108349975, 0.7205216191019261]], "fy": 750.340944311594, "fx": 751.1560278729713}, {"id": 99, "img_name": "0100", "width": 1252, "height": 704, "position": [0.1735814338487548, 0.0014180189747073331, 0.1469362052816404], "rotation": [[0.7259457474831713, 0.03508308637570185, 0.6868565707347164], [-0.003058684906656517, 0.9988528942688081, -0.04778640034012438], [-0.6877451680366364, 0.032589456288497555, 0.7252203190624753]], "fy": 750.340944311594, "fx": 751.1560278729713}, {"id": 100, "img_name": "0101", "width": 1252, "height": 704, "position": [0.21866077592119618, 0.0076394600950883546, 0.16989598449366242], "rotation": [[0.7335707812491457, 0.035398599729126894, 0.6786905