[{"id": 0, "img_name": "0001", "width": 1249, "height": 703, "position": [5.586829240960354, -0.37443520280041387, -1.0399546703438387], "rotation": [[0.19529509028128605, -0.2480380488074276, -0.9488608718119999], [0.02163276514333108, 0.968344425854821, -0.24867870111481363], [0.9805059159353796, 0.0280392449916451, 0.19447866092715865]], "fy": 734.723569463052, "fx": 755.8056759308042}, {"id": 1, "img_name": "0002", "width": 1249, "height": 703, "position": [5.561852830577896, -0.3758378300729018, -1.0282842453652798], "rotation": [[0.20131895071711395, -0.24798639446325724, -0.9476145990028191], [0.02151719788235367, 0.9683080108774604, -0.2488304769633888], [0.9792893802535857, 0.02970427968575751, 0.20027472504262334]], "fy": 734.723569463052, "fx": 755.8056759308042}, {"id": 2, "img_name": "0003", "width": 1249, "height": 703, "position": [5.516503001247558, -0.3713007823271992, -1.0079269048798076], "rotation": [[0.21071478769831312, -0.24846013664978792, -0.9454453124011051], [0.02175877057721037, 0.9681128781268034, -0.24956764836012943], [0.9773053945150526, 0.032015866394737254, 0.20940188669343726]], "fy": 734.723569463052, "fx": 755.8056759308042}, {"id": 3, "img_name": "0004", "width": 1249, "height": 703, "position": [5.484395675744627, -0.3683889018883696, -0.9933796455224299], "rotation": [[0.21588472668789008, -0.24835801705716173, -0.9443050778992608], [0.021929688997710573, 0.9680999822575617, -0.24960271050886498], [0.9761725633940745, 0.0331770962614732, 0.21444441415037668]], "fy": 734.723569463052, "fx": 755.8056759308042}, {"id": 4, "img_name": "0005", "width": 1249, "height": 703, "position": [5.435783660522722, -0.36733585668539204, -0.969531596897127], "rotation": [[0.22134506920713187, -0.24844858633773645, -0.9430162566384898], [0.022213362235467847, 0.9680358252092476, -0.2498263549941154], [0.974942524908974, 0.03435027013329226, 0.21978883517113407]], "fy": 734.723569463052, "fx": 755.8056759308042}, {"id": 5, "img_name": "0006", "width": 1249, "height": 703, "position": [5.420240609464301, -0.367542236011468, -0.9632532571025463], "rotation": [[0.22268620759270297, -0.24887965494861808, -0.9425867441782938], [0.02237906298229656, 0.9679147720470079, -0.25028018617785724], [0.9746332800022858, 0.034639737381298774, 0.22111096333321115]], "fy": 734.723569463052, "fx": 755.8056759308042}, {"id": 6, "img_name": "0007", "width": 1249, "height": 703, "position": [5.383814781267384, -0.3733407010597265, -0.9482714203924477], "rotation": [[0.22416749341941405, -0.2508098753281988, -0.9417236013459099], [0.02204733772284104, 0.9673735744610739, -0.2523931107097422], [0.9743012110191551, 0.035815832703688134, 0.22238339941270222]], "fy": 734.723569463052, "fx": 755.8056759308042}, {"id": 7, "img_name": "0008", "width": 1249, "height": 703, "position": [5.335531766268938, -0.38120428371202064, -0.9250300155862031], "rotation": [[0.22611290474480913, -0.2582415019329657, -0.9392466560958684], [0.02164219256132569, 0.9653126712859681, -0.26019812096917216], [0.97386065215153, 0.03850679594767271, 0.22385856440360044]], "fy": 734.723569463052, "fx": 755.8056759308042}, {"id": 8, "img_name": "0009", "width": 1249, "height": 703, "position": [5.292213916549583, -0.38312979527611885, -0.9066371882739575], "rotation": [[0.22629923372397603, -0.2616705496131206, -0.9382521943918428], [0.021751359256525358, 0.9643581021741116, -0.2637050040132691], [0.973814938880296, 0.039267979783940525, 0.22392518968899663]], "fy": 734.723569463052, "fx": 755.8056759308042}, {"id": 9, "img_name": "0010", "width": 1249, "height": 703, "position": [5.227714542730101, -0.3742430107154477, -0.8808411525895098], "rotation": [[0.2264288690188058, -0.2649255426140079, -0.9373070063461267], [0.02193945593017429, 0.9634432071995138, -0.26701282136744586], [0.9737805849103546, 0.03989540539697673, 0.22396367803699435]], "fy": 734.723569463052, "fx": 755.8056759308042}, {"id": 10, "img_name": "0011", "width": 1249, "height": 703, "position": [5.192311056421666, -0.37238081403036133, -0.8702587174016887], "rotation": [[0.22697712001060213, -0.26508863592837445, -0.937128274087025], [0.021603632387758576, 0.9633764234621227, -0.2672810314724628], [0.973660449057754, 0.04042130402353199, 0.22439128352431584]], "fy": 734.723569463052, "fx": 755.8056759308042}, {"id": 11, "img_name": "0012", "width": 1249, "height": 703, "position": [5.176121172077815, -0.3721588309783364, -0.8658286634147498], "rotation": [[0.2274592468991868, -0.26502596292313657, -0.9370290977214737], [0.021538436261768622, 0.9633858635499549, -0.26725226598759616], [0.9735493756165902, 0.04060685765694326, 0.22483926780652935]], "fy": 734.723569463052, "fx": 755.8056759308042}, {"id": 12, "img_name": "0013", "width": 1249, "height": 703, "position": [5.121558673569688, -0.37909636859022555, -0.8494992884597473], "rotation": [[0.23025411234672807, -0.2652923123702456, -0.9362708116483546], [0.020954661140639156, 0.963251111168485, -0.26778386622266775], [0.9729049007605527, 0.04203909882391286, 0.2273516400780342]], "fy": 734.723569463052, "fx": 755.8056759308042}, {"id": 13, "img_name": "0014", "width": 1249, "height": 703, "position": [5.070547300010295, -0.38527863943054896, -0.8303417686761809], "rotation": [[0.2385039364410533, -0.2652301647595743, -0.934220976002857], [0.020658262212128332, 0.9631502678776928, -0.268169345171113], [0.9709217828973129, 0.04466006256979249, 0.23519432456325395]], "fy": 734.723569463052, "fx": 755.8056759308042}, {"id": 14, "img_name": "0015", "width": 1249, "height": 703, "position": [5.044061880111505, -0.3817683161281263, -0.8197202709174517], "rotation": [[0.24406080091473234, -0.2647058878403576, -0.9329336087844126], [0.020727199967061176, 0.9632294361484357, -0.26787951866220033], [0.9695383997750605, 0.046041788408083026, 0.24057315952075875]], "fy": 734.723569463052, "fx": 755.8056759308042}, {"id": 15, "img_name": "0016", "width": 1249, "height": 703, "position": [4.996767291029337, -0.3757246526563995, -0.8015733604940766], "rotation": [[0.2514705375208867, -0.26387757159994973, -0.9311987950837723], [0.021326336926880143, 0.9633935555777783, -0.2672415469654509], [0.9676299685893556, 0.0473443162134539, 0.24789263726468977]], "fy": 734.723569463052, "fx": 755.8056759308042}, {"id": 16, "img_name": "0017", "width": 1249, "height": 703, "position": [4.9673653755922835, -0.3727879056235952, -0.7884817222781246], "rotation": [[0.2546938306884039, -0.26350438387302916, -0.9304281231180417], [0.021685320428312917, 0.9634728005049373, -0.26692678690063015], [0.9667785679705503, 0.04780797388374019, 0.25110475532323867]], "fy": 734.723569463052, "fx": 755.8056759308042}, {"id": 17, "img_name": "0018", "width": 1249, "height": 703, "position": [4.923108428714993, -0.37389826577908725, -0.7670169366678582], "rotation": [[0.2576825452686941, -0.26313807179997634, -0.9297085893080896], [0.02189614718768944, 0.9635457114117418, -0.26664624647344165], [0.9659815032401927, 0.048353047364470964, 0.2540506213501293]], "fy": 734.723569463052, "fx": 755.8056759308042}, {"id": 18, "img_name": "0019", "width": 1249, "height": 703, "position": [4.908655338444729, -0.3757851424947819, -0.7607180965675368], "rotation": [[0.25810630343905006, -0.2636657379971594, -0.9294415068908003], [0.02189524871097165, 0.9633880369273404, -0.2672154344142006], [0.9658683834813694, 0.04861963504283484, 0.2544295518987286]], "fy": 734.723569463052, "fx": 755.8056759308042}, {"id": 19, "img_name": "0020", "width": 1249, "height": 703, "position": [4.87707057464759, -0.38123953888885864, -0.7447469557356168], "rotation": [[0.2590193861699802, -0.26527847416626077, -0.9287283180414749], [0.02153367542641417, 0.9628908064066134, -0.26903084536954464], [0.9656320512549055, 0.04968527026838564, 0.255119806184469]], "fy": 734.723569463052, "fx": 755.8056759308042}, {"id": 20, "img_name": "0021", "width": 1249, "height": 703, "position": [4.847918436648498, -0.38213871983402387, -0.7308624254174689], "rotation": [[0.25931409596229377, -0.2689340629705854, -0.9275940218702314], [0.022485816503485478, 0.9618688539597974, -0.27258520839957107], [0.9655312463568586, 0.04982747792332413, 0.25547335429036594]], "fy": 734.723569463052, "fx": 755.8056759308042}, {"id": 21, "img_name": "0022", "width": 1249, "height": 703, "position": [4.8221174281281876, -0.3835871561651833, -0.7203816286542175], "rotation": [[0.2592848433398636, -0.26974102112469917, -0.9273678620357875], [0.022475091278943895, 0.9616312162630706, -0.2734232509872028], [0.9655393520132804, 0.05005182744927972, 0.25539885333094586]], "fy": 734.723569463052, "fx": 755.8056759308042}, {"id": 22, "img_name": "0023", "width": 1249, "height": 703, "position": [4.760078662377662, -0.3770152253497281, -0.6947011822571376], "rotation": [[0.25904332977931394, -0.27222631701448974, -0.9267089001523466], [0.022663959757303145, 0.9609083833292212, -0.275937354803118], [0.9655997608869654, 0.050476837978908194, 0.25508663352415417]], "fy": 734.723569463052, "fx": 755.8056759308042}, {"id": 23, "img_name": "0024", "width": 1249, "height": 703, "position": [4.708312617046273, -0.3715840871519264, -0.6822524965264362], "rotation": [[0.2589739531667468, -0.27224438007236096, -0.9267229840142107], [0.02241484999178198, 0.9608910345756531, -0.27601810479020594], [0.9656241847018089, 0.05070914307249786, 0.25494806672696957]], "fy": 734.723569463052, "fx": 755.8056759308042}, {"id": 24, "img_name": "0025", "width": 1249, "height": 703, "position": [4.674399664032282, -0.3728375299150814, -0.6769736395647479], "rotation": [[0.25907971715105077, -0.271861275535563, -0.9268058842201574], [0.02216810582167087, 0.9609904313956865, -0.275691795036072], [0.9656015095499855, 0.050880621361271285, 0.2549997786757475]], "fy": 734.723569463052, "fx": 755.8056759308042}, {"id": 25, "img_name": "0026", "width": 1249, "height": 703, "position": [4.621697875482926, -0.38102757674516846, -0.6667525529058825], "rotation": [[0.25913367795952885, -0.2720382259245943, -0.9267388740000964], [0.021684463621766313, 0.960911290769451, -0.27600593346742325], [0.9655980121067999, 0.05142659727793467, 0.2549034799837179]], "fy": 734.723569463052, "fx": 755.8056759308042}, {"id": 26, "img_name": "0027", "width": 1249, "height": 703, "position": [4.609245167897192, -0.3822299068366511, -0.6637803430816102], "rotation": [[0.2590348564904874, -0.27159266796887205, -0.9268971711190527], [0.021917090896493963, 0.961057753726404, -0.2754771045459008], [0.9656192749989964, 0.05104328269134303, 0.2548999785062843]], "fy": 734.723569463052, "fx": 755.8056759308042}, {"id": 27, "img_name": "0028", "width": 1249, "height": 703, "position": [4.565549201323141, -0.3835852263708277, -0.6559047838402953], "rotation": [[0.25895962982389775, -0.2721148949044966, -0.926765015574382], [0.0216294564016177, 0.9608882851129187, -0.2760903296903454], [0.9656459375657519, 0.05145082607565907, 0.25471697187052905]], "fy": 734.723569463052, "fx": 755.8056759308042}, {"id": 28, "img_name": "0029", "width": 1249, "height": 703, "position": [4.522010825642941, -0.3804960387776597, -0.645093629841621], "rotation": [[0.25864215526203516, -0.27226175245834516, -0.9268105381736441], [0.021395903805668828, 0.9608371050871747, -0.2762865772853182], [0.9657362221754696, 0.05162940669820209, 0.25433826598104303]], "fy": 734.723569463052, "fx": 755.8056759308042}, {"id": 29, "img_name": "0030", "width": 1249, "height": 703, "position": [4.476184189070251, -0.3776134481686245, -0.6288059284879353], "rotation": [[0.25821225133792486, -0.2722301388632722, -0.9269396877647886], [0.021210588453655026, 0.9608434708587884, -0.27627872781936563], [0.9658553433079144, 0.05167761606847767, 0.2538757172339037]], "fy": 734.723569463052, "fx": 755.8056759308042}, {"id": 30, "img_name": "0031", "width": 1249, "height": 703, "position": [4.442182232853158, -0.37716436424450145, -0.6153950468521363], "rotation": [[0.25779088581525167, -0.2724611096469443, -0.9269891061498747], [0.021379592018424983, 0.9607903374278406, -0.2764504305484474], [0.9659641671592758, 0.05144775248008316, 0.25350809953339654]], "fy": 734.723569463052, "fx": 755.8056759308042}, {"id": 31, "img_name": "0032", "width": 1249, "height": 703, "position": [4.410277334167388, -0.3798351806940466, -0.6030023648470688], "rotation": [[0.25751354436048557, -0.27264570143749983, -0.9270119179161365], [0.02168302047170075, 0.9607557780460322, -0.2765468885639232], [0.9660313768683312, 0.05111415106227397, 0.25331940799524033]], "fy": 734.723569463052, "fx": 755.8056759308042}, {"id": 32, "img_name": "0033", "width": 1249, "height": 703, "position": [4.376940924274039, -0.3850793220326924, -0.5906011063919784], "rotation": [[0.25703071701837715, -0.27380512119847034, -0.9268041681577127], [0.022053242721016632, 0.9604363584105844, -0.27762502756146357], [0.9661515745443398, 0.05091912262113767, 0.25289993664883875]], "fy": 734.723569463052, "fx": 755.8056759308042}, {"id": 33, "img_name": "0034", "width": 1249, "height": 703, "position": [4.344221925774041, -0.3886421392582571, -0.5805605075430023], "rotation": [[0.25629377970159933, -0.27581813651631787, -0.9264112769471958], [0.02265315540404291, 0.959874354149364, -0.27951396887558744], [0.9663334481619211, 0.05065155293777679, 0.2522579773733294]], "fy": 734.723569463052, "fx": 755.8056759308042}, {"id": 34, "img_name": "0035", "width": 1249, "height": 703, "position": [4.300428446769117, -0.3900765660614591, -0.5673666695723755], "rotation": [[0.25489746990077017, -0.27680900850159373, -0.9265009728276331], [0.02283260048457644, 0.9596063373369046, -0.2804181693435045], [0.9666984804960114, 0.05032345531872019, 0.25092149698957045]], "fy": 734.723569463052, "fx": 755.8056759308042}, {"id": 35, "img_name": "0036", "width": 1249, "height": 703, "position": [4.2373985102152725, -0.38281830966232455, -0.553958853578344], "rotation": [[0.2528906557464197, -0.27782192991358395, -0.926747695705383], [0.02272978596868224, 0.959325525212922, -0.28138566684315947], [0.967227828934819, 0.05009502903525739, 0.24891929414971636]], "fy": 734.723569463052, "fx": 755.8056759308042}, {"id": 36, "img_name": "0037", "width": 1249, "height": 703, "position": [4.221728538114937, -0.38056207560534205, -0.55193088109969], "rotation": [[0.25238499192424285, -0.27785154633752, -0.9268766552509826], [0.022764332312894646, 0.959326256014899, -0.28138038256919007], [0.9673590858754304, 0.04991645738916776, 0.24844465431151347]], "fy": 734.723569463052, "fx": 755.8056759308042}, {"id": 37, "img_name": "0038", "width": 1249, "height": 703, "position": [4.1516392889611815, -0.38172249643858946, -0.5483282132901633], "rotation": [[0.2508513694321802, -0.2783519216687377, -0.927142814326531], [0.021790480820204603, 0.9591478263804838, -0.28206492531900657], [0.9677803291034717, 0.05055348507188566, 0.24666896794583332]], "fy": 734.723569463052, "fx": 755.8056759308042}, {"id": 38, "img_name": "0039", "width": 1249, "height": 703, "position": [4.105982647367832, -0.38798868589665714, -0.5398339882243043], "rotation": [[0.24976573334965382, -0.27917359963054145, -0.9271888587087506], [0.021765176822420455, 0.9589134392225129, -0.2828626754387028], [0.9680616486165529, 0.05046897411061851, 0.24557998112636]], "fy": 734.723569463052, "fx": 755.8056759308042}, {"id": 39, "img_name": "0040", "width": 1249, "height": 703, "position": [4.076401389578545, -0.39106241927748087, -0.5360638844798297], "rotation": [[0.2493467709862658, -0.279668099307706, -0.9271525991056367], [0.02173950652386704, 0.9587677768758206, -0.28335797832546594], [0.9681702234911076, 0.05049855695177394, 0.24514549575908384]], "fy": 734.723569463052, "fx": 755.8056759308042}, {"id": 40, "img_name": "0041", "width": 1249, "height": 703, "position": [4.037221304315831, -0.3914510654633511, -0.5243924587939208], "rotation": [[0.24911199733470685, -0.27984049273688216, -0.9271636918088908], [0.021380520473059633, 0.9587000376614884, -0.2836143704613057], [0.9682386514327, 0.05082850000384379, 0.24480681661086393]], "fy": 734.723569463052, "fx": 755.8056759308042}, {"id": 41, "img_name": "0042", "width": 1249, "height": 703, "position": [4.0074462259515995, -0.3885391556631867, -0.5122217409799334], "rotation": [[0.24906296946292708, -0.27998855729815697, -0.9271321615737453], [0.021338052300330927, 0.9586532890751137, -0.28377554311373254], [0.9682522010129061, 0.05089478487588164, 0.24473944534157202]], "fy": 734.723569463052, "fx": 755.8056759308042}, {"id": 42, "img_name": "0043", "width": 1249, "height": 703, "position": [3.9923115303124983, -0.3868378789102254, -0.5048043551284288], "rotation": [[0.2490572175620531, -0.28007610348075357, -0.927107263826191], [0.0214751690400553, 0.9586337817548755, -0.28383109342185703], [0.9682506491063918, 0.05078039717631222, 0.2447693440111871]], "fy": 734.723569463052, "fx": 755.8056759308042}, {"id": 43, "img_name": "0044", "width": 1249, "height": 703, "position": [3.9478558967987443, -0.38191957532084214, -0.4823134526800379], "rotation": [[0.24896861361187975, -0.2798074457758641, -0.9272121778344832], [0.02219349582688619, 0.9587547414475895, -0.283366890258456], [0.9682572376074244, 0.049971382211749814, 0.24490974415218103]], "fy": 734.723569463052, "fx": 755.8056759308042}, {"id": 44, "img_name": "0045", "width": 1249, "height": 703, "position": [3.882450460043256, -0.38603049975352594, -0.44698469106559635], "rotation": [[0.24982108842786266, -0.2796154984671287, -0.9270407740729086], [0.02276550782197373, 0.9588294029486284, -0.2830687331634923], [0.9680243568373297, 0.04961198502535453, 0.24590139387876261]], "fy": 734.723569463052, "fx": 755.8056759308042}, {"id": 45, "img_name": "0046", "width": 1249, "height": 703, "position": [3.8503895782555464, -0.386977863575366, -0.4277203715174539], "rotation": [[0.25050929217083684, -0.27959541332629206, -0.9268611003720924], [0.023260360281980846, 0.9588500871858427, -0.282958417339462], [0.9678347225511278, 0.0493245897154807, 0.24670434668602975]], "fy": 734.723569463052, "fx": 755.8056759308042}, {"id": 46, "img_name": "0047", "width": 1249, "height": 703, "position": [3.8161733073779995, -0.3883096881420884, -0.41175302601903285], "rotation": [[0.25258284059791153, -0.27856013461495394, -0.9266100366598609], [0.023611837467118934, 0.9591513016787647, -0.2819064767247405], [0.967287128916185, 0.04932577309307019, 0.24884247696455403]], "fy": 734.723569463052, "fx": 755.8056759308042}, {"id": 47, "img_name": "0048", "width": 1249, "height": 703, "position": [3.7684688370290935, -0.3841179619825877, -0.3861418659783025], "rotation": [[0.2574184352678947, -0.2749589772722349, -0.92635485101641], [0.023853204707594677, 0.9601777278071613, -0.27836981813453426], [0.966005576489808, 0.049560991116832376, 0.25372610104226745]], "fy": 734.723569463052, "fx": 755.8056759308042}, {"id": 48, "img_name": "0049", "width": 1249, "height": 703, "position": [3.705687493010748, -0.3755355537024365, -0.34982232262317686], "rotation": [[0.2623533861836426, -0.270267334175588, -0.9263510505394796], [0.023985372931224814, 0.9615070762543199, -0.27373133579884434], [0.9646737285960091, 0.0495954674389773, 0.2587371000961842]], "fy": 734.723569463052, "fx": 755.8056759308042}, {"id": 49, "img_name": "0050", "width": 1249, "height": 703, "position": [3.670826400442546, -0.3718863604244487, -0.3297584234286448], "rotation": [[0.2669784108531376, -0.2657242358445776, -0.9263439742466881], [0.023692192349310186, 0.9627536233035513, -0.2693401953618643], [0.963411235226171, 0.04996089771710715, 0.2633300221001856]], "fy": 734.723569463052, "fx": 755.8056759308042}, {"id": 50, "img_name": "0051", "width": 1249, "height": 703, "position": [3.654956352821302, -0.3691523545794746, -0.32232393656485697], "rotation": [[0.27032210064894974, -0.26400685655452477, -0.9258651854308694], [0.023742097143608157, 0.963203671351447, -0.26772187119904334], [0.9624771554296563, 0.05038915743780841, 0.2666433162273998]], "fy": 734.723569463052, "fx": 755.8056759308042}, {"id": 51, "img_name": "0052", "width": 1249, "height": 703, "position": [3.5976611869740456, -0.3700223203987576, -0.2924541680391908], "rotation": [[0.28657162608299364, -0.2535374098103946, -0.9239023135325427], [0.023728840308313372, 0.9659306979801026, -0.2577107464528693], [0.957764921711884, 0.05192945721176589, 0.2828244795132132]], "fy": 734.723569463052, "fx": 755.8056759308042}, {"id": 52, "img_name": "0053", "width": 1249, "height": 703, "position": [3.567211983016143, -0.37048720169362265, -0.2740943266950144], "rotation": [[0.3014426500016758, -0.24319680938149676, -0.921947742915306], [0.024413063749178263, 0.9685765301981927, -0.24751466111648404], [0.9531717217156338, 0.052103906340017304, 0.2979074552033986]], "fy": 734.723569463052, "fx": 755.8056759308042}, {"id": 53, "img_name": "0054", "width": 1249, "height": 703, "position": [3.5408851471180363, -0.3684948729242851, -0.2528049250876739], "rotation": [[0.31240380538224316, -0.23688054659705435, -0.9199410138843546], [0.024744791146235973, 0.9701111582684143, -0.24139601470248923], [0.9496270624270472, 0.052649285341740605, 0.3089279771389784]], "fy": 734.723569463052, "fx": 755.8056759308042}, {"id": 54, "img_name": "0055", "width": 1249, "height": 703, "position": [3.496836938376623, -0.3602195482159854, -0.22019552997145428], "rotation": [[0.3305069518284675, -0.22819078811366456, -0.9158024454068248], [0.024986891385201184, 0.9721070864737952, -0.23320263224572318], [0.9434727394323371, 0.054192034908227146, 0.3269899284390062]], "fy": 734.723569463052, "fx": 755.8056759308042}, {"id": 55, "img_name": "0056", "width": 1249, "height": 703, "position": [3.465719337591956, -0.3540346014686254, -0.19610221988682872], "rotation": [[0.3408098165597553, -0.2236667819594202, -0.9131384558676863], [0.025377890461452255, 0.9731220103104532, -0.2288875613157448], [0.9397896741357781, 0.05483360007567889, 0.3373257249165975]], "fy": 734.723569463052, "fx": 755.8056759308042}, {"id": 56, "img_name": "0057", "width": 1249, "height": 703, "position": [3.4205374230095176, -0.3506370626034431, -0.16376924100516377], "rotation": [[0.35287497240697807, -0.2190725898823478, -0.9096628244635563], [0.025545515416540685, 0.9740975319884891, -0.22468071749938354], [0.9353216989308424, 0.056046396281787265, 0.3493309619443249]], "fy": 734.723569463052, "fx": 755.8056759308042}, {"id": 57, "img_name": "0058", "width": 1249, "height": 703, "position": [3.3888290601266875, -0.3519783563534852, -0.14396042331706577], "rotation": [[0.35917764242843714, -0.21690321960391498, -0.9077138395469168], [0.025405397688185664, 0.9745293388093516, -0.22281636737033553], [0.9329233553448291, 0.05696982644578626, 0.35553966294477196]], "fy": 734.723569463052, "fx": 755.8056759308042}, {"id": 58, "img_name": "0059", "width": 1249, "height": 703, "position": [3.3358486404269394, -0.35158515765162895, -0.11999734108091131], "rotation": [[0.3660333331155473, -0.21359998731054664, -0.9057563935569305], [0.024450254409284812, 0.9751732360586212, -0.2200894016854908], [0.9302804867929049, 0.058414083027043484, 0.36216848399117463]], "fy": 734.723569463052, "fx": 755.8056759308042}, {"id": 59, "img_name": "0060", "width": 1249, "height": 703, "position": [3.2805811316581934, -0.34529210533532656, -0.09871717675400116], "rotation": [[0.3701602589140844, -0.20892920714450616, -0.905168475546197], [0.024222774321546403, 0.9762202358472363, -0.2154235556445347], [0.9286520553602545, 0.057815547427439794, 0.36641878029222213]], "fy": 734.723569463052, "fx": 755.8056759308042}, {"id": 60, "img_name": "0061", "width": 1249, "height": 703, "position": [3.242063343583126, -0.3375304104941896, -0.0860487406856292], "rotation": [[0.37206496041399717, -0.2050617752939078, -0.9052719666185636], [0.02418736706800383, 0.9771020942280034, -0.21139174234006325], [0.9278915003956273, 0.05675531489262461, 0.36850535644002613]], "fy": 734.723569463052, "fx": 755.8056759308042}, {"id": 61, "img_name": "0062", "width": 1249, "height": 703, "position": [3.1843236696129855, -0.3274841774287799, -0.06916691666172192], "rotation": [[0.3743650324018122, -0.2003275248941066, -0.9053837337199026], [0.023905277696449772, 0.9781455675631325, -0.20654245654308392], [0.9269732251867072, 0.05567882385967865, 0.3709723822072973]], "fy": 734.723569463052, "fx": 755.8056759308042}, {"id": 62, "img_name": "0063", "width": 1249, "height": 703, "position": [3.1484298514200946, -0.3270543710529068, -0.05682484974270041], "rotation": [[0.37553092201016774, -0.19815603334952267, -0.9053787677328071], [0.023734028145384372, 0.9786122212999164, -0.20433995260456947], [0.926505921471734, 0.05524768564950405, 0.37220219062787124]], "fy": 734.723569463052, "fx": 755.8056759308042}, {"id": 63, "img_name": "0064", "width": 1249, "height": 703, "position": [3.1172742385639003, -0.3329727633216851, -0.04604516906509565], "rotation": [[0.37642537613202404, -0.19488291079279993, -0.9057177194274105], [0.023663494466091187, 0.9793285835625476, -0.2008869444414628], [0.9261446837473707, 0.05418649737987938, 0.3732557411054556]], "fy": 734.723569463052, "fx": 755.8056759308042}, {"id": 64, "img_name": "0065", "width": 1249, "height": 703, "position": [3.073226954715319, -0.3386349888757805, -0.029998299906916093], "rotation": [[0.377526739482605, -0.1901835317896665, -0.9062581228389858], [0.023825501696045054, 0.9803528643749154, -0.19580757590254422], [0.9256921229245525, 0.05233054125372534, 0.3746406384891088]], "fy": 734.723569463052, "fx": 755.8056759308042}, {"id": 65, "img_name": "0066", "width": 1249, "height": 703, "position": [3.0330610763951835, -0.33567752508765564, -0.013130429304811057], "rotation": [[0.3782657498608147, -0.1873186307851103, -0.9065466083125716], [0.023838399945080416, 0.9809587792079764, -0.19274751407697763], [0.9253900546095651, 0.051299162328324634, 0.37552848463747496]], "fy": 734.723569463052, "fx": 755.8056759308042}, {"id": 66, "img_name": "0067", "width": 1249, "height": 703, "position": [3.005656699413754, -0.32965863787202865, -0.0013895349610963475], "rotation": [[0.37866801016675355, -0.18689969717980326, -0.9064651351654122], [0.024086946792638602, 0.9810567468341419, -0.19221726895734165], [0.925219085984806, 0.05095255327565299, 0.3759966492458831]], "fy": 734.723569463052, "fx": 755.8056759308042}, {"id": 67, "img_name": "0068", "width": 1249, "height": 703, "position": [2.9603791384648575, -0.3215045140360604, 0.021194145948290756], "rotation": [[0.3787993070456112, -0.18750088519838617, -0.9062861044016878], [0.0243122711675602, 0.9809399411596583, -0.19278419361649274], [0.9251594448809568, 0.05099264542566879, 0.37613794232974174]], "fy": 734.723569463052, "fx": 755.8056759308042}, {"id": 68, "img_name": "0069", "width": 1249, "height": 703, "position": [2.932488537269203, -0.3213990108913661, 0.033979826548958605], "rotation": [[0.3788426923848556, -0.18737049490932436, -0.9062949365764045], [0.02451801142615382, 0.9809784653247893, -0.19256198400704186], [0.9251362502584691, 0.05073015086175163, 0.3762304749103177]], "fy": 734.723569463052, "fx": 755.8056759308042}, {"id": 69, "img_name": "0070", "width": 1249, "height": 703, "position": [2.9174803745302094, -0.32269038854945875, 0.03943347874479249], "rotation": [[0.3788833975763015, -0.1873718336761451, -0.9062776434326718], [0.024691298565183345, 0.9809871936205115, -0.19249536547075125], [0.9251149716744417, 0.050556126210303275, 0.37630621478578413]], "fy": 734.723569463052, "fx": 755.8056759308042}, {"id": 70, "img_name": "0071", "width": 1249, "height": 703, "position": [2.8480407059747366, -0.3275775180238674, 0.061604291290354836], "rotation": [[0.37871224425939853, -0.18732879126307211, -0.9063580749416456], [0.024657121140620287, 0.9809964530747368, -0.19245255371608164], [0.9251859609965263, 0.05053595768065413, 0.376134357053743]], "fy": 734.723569463052, "fx": 755.8056759308042}, {"id": 71, "img_name": "0072", "width": 1249, "height": 703, "position": [2.7988756066264586, -0.3223706107861948, 0.07568309679310596], "rotation": [[0.378622950265178, -0.18684293736282587, -0.9064956581749984], [0.02442522016011415, 0.9810878573751824, -0.19201568876293376], [0.9252286583070274, 0.050560190551510224, 0.37602605890918345]], "fy": 734.723569463052, "fx": 755.8056759308042}, {"id": 72, "img_name": "0073", "width": 1249, "height": 703, "position": [2.7650061669307893, -0.3140155705597772, 0.08382026304895306], "rotation": [[0.37864706585200436, -0.18661726936467507, -0.9065320701974863], [0.024259852538849776, 0.9811263122226824, -0.19184008710150444], [0.9252231401540176, 0.05064735174904832, 0.3760279067893059]], "fy": 734.723569463052, "fx": 755.8056759308042}, {"id": 73, "img_name": "0074", "width": 1249, "height": 703, "position": [2.7304490739150156, -0.30549124404229994, 0.08912904260165115], "rotation": [[0.3787131007857542, -0.18670441612007832, -0.9064865406030579], [0.024079506030806917, 0.9810971983585515, -0.19201162663316312], [0.9252008239742067, 0.050889570387865, 0.376050112276525]], "fy": 734.723569463052, "fx": 755.8056759308042}, {"id": 74, "img_name": "0075", "width": 1249, "height": 703, "position": [2.694636970421372, -0.3005954466803623, 0.09522190738919903], "rotation": [[0.3789307817862645, -0.1875415564728014, -0.9062227249471341], [0.023795738406691056, 0.9809010952223648, -0.19304611942550265], [0.9251190331241329, 0.05158687805366955, 0.3761563086858244]], "fy": 734.723569463052, "fx": 755.8056759308042}, {"id": 75, "img_name": "0076", "width": 1249, "height": 703, "position": [2.654710781111442, -0.30110325358625384, 0.10463057759654533], "rotation": [[0.3789701128923588, -0.19064460610132464, -0.9055585501218703], [0.023531558637319063, 0.9802184563944382, -0.1965147411564928], [0.9251096795961283, 0.0531640095193703, 0.3759596638063357]], "fy": 734.723569463052, "fx": 755.8056759308042}, {"id": 76, "img_name": "0077", "width": 1249, "height": 703, "position": [2.5924770861334516, -0.3086072032755308, 0.11861912959803622], "rotation": [[0.37923057763420764, -0.1913364114380038, -0.9053035660181904], [0.023216322871821325, 0.9800464555934586, -0.19740807286179793], [0.9250109033625153, 0.05384535761534587, 0.37610571136814563]], "fy": 734.723569463052, "fx": 755.8056759308042}, {"id": 77, "img_name": "0078", "width": 1249, "height": 703, "position": [2.560868386440089, -0.3054747937779521, 0.12643906425294957], "rotation": [[0.37924648469250016, -0.19203940147816737, -0.9051480387916047], [0.02333702186758038, 0.9798997077863358, -0.19812103899032443], [0.9250013444632029, 0.05401324800602918, 0.3761051472409092]], "fy": 734.723569463052, "fx": 755.8056759308042}, {"id": 78, "img_name": "0079", "width": 1249, "height": 703, "position": [2.526056289182921, -0.29612891570257954, 0.13804713485633452], "rotation": [[0.3792086749648263, -0.1935015679722746, -0.9048524321809004], [0.02347027886030513, 0.9795866812631879, -0.19964738891854575], [0.9250134738703217, 0.05447088290127804, 0.37600930317522085]], "fy": 734.723569463052, "fx": 755.8056759308042}, {"id": 79, "img_name": "0080", "width": 1249, "height": 703, "position": [2.4883311807957633, -0.2839603400568729, 0.14936456295992653], "rotation": [[0.3789688067731667, -0.19478269070406096, -0.9046780349356386], [0.023712350784831953, 0.9793205004345831, -0.2009205859259227], [0.925105598249832, 0.0546905917927861, 0.3757506769869822]], "fy": 734.723569463052, "fx": 755.8056759308042}, {"id": 80, "img_name": "0081", "width": 1249, "height": 703, "position": [2.4341585456973607, -0.27374386930469424, 0.17168821389707978], "rotation": [[0.37816059669010027, -0.1965693085040365, -0.9046297972459408], [0.023848682103005673, 0.978940681031452, -0.20274709217058226], [0.9254327655064611, 0.055096732896985245, 0.3748847110127876]], "fy": 734.723569463052, "fx": 755.8056759308042}, {"id": 81, "img_name": "0082", "width": 1249, "height": 703, "position": [2.3903723753286465, -0.27226572027017093, 0.18808813994582785], "rotation": [[0.37739291493483124, -0.2005395407832934, -0.9040788020628605], [0.02431641893926785, 0.9780802158366312, -0.20680377936329014], [0.9257339248007289, 0.05606232220837979, 0.37399694718224963]], "fy": 734.723569463052, "fx": 755.8056759308042}, {"id": 82, "img_name": "0083", "width": 1249, "height": 703, "position": [2.29057129362304, -0.26980340067726816, 0.2052607613010329], "rotation": [[0.37595618367488975, -0.20213419313337927, -0.9043222411966488], [0.024185246549216312, 0.9777260932600763, -0.2084868350945473], [0.9263217701241646, 0.056510658505321235, 0.37247083599837577]], "fy": 734.723569463052, "fx": 755.8056759308042}, {"id": 83, "img_name": "0084", "width": 1249, "height": 703, "position": [2.248439883008597, -0.2644994783915091, 0.21371175427704278], "rotation": [[0.3751086345887075, -0.20196594535795628, -0.9047117050047836], [0.02388612810697645, 0.9777585281353799, -0.20836917608560204], [0.9266730627039144, 0.05655101744621878, 0.37158985089039337]], "fy": 734.723569463052, "fx": 755.8056759308042}, {"id": 84, "img_name": "0085", "width": 1249, "height": 703, "position": [2.1789688926285824, -0.25193283943705447, 0.22705745302585317], "rotation": [[0.37330004364347263, -0.2018188597777479, -0.905492255766879], [0.02361811667990652, 0.9778013979543534, -0.2081984887625424], [0.9274099751352017, 0.05633448319210822, 0.3697798859094452]], "fy": 734.723569463052, "fx": 755.8056759308042}, {"id": 85, "img_name": "0086", "width": 1249, "height": 703, "position": [2.1565250403192984, -0.2485096275815458, 0.23238064212844112], "rotation": [[0.37250413755708506, -0.20171334404917396, -0.9058434712108667], [0.023520029384979435, 0.977830792446499, -0.20807150107879147], [0.9277324375705431, 0.056202029998491956, 0.368990319796423]], "fy": 734.723569463052, "fx": 755.8056759308042}, {"id": 86, "img_name": "0087", "width": 1249, "height": 703, "position": [2.0710480158348705, -0.24618234816719098, 0.2532032622476296], "rotation": [[0.3699522255187437, -0.20134953683270382, -0.9069695225590464], [0.02326249085761876, 0.9779339647324087, -0.20761506964055207], [0.9287594991992425, 0.05570928683808257, 0.3664727384228798]], "fy": 734.723569463052, "fx": 755.8056759308042}, {"id": 87, "img_name": "0088", "width": 1249, "height": 703, "position": [2.0296580970141336, -0.247092010669867, 0.26309601196216004], "rotation": [[0.368949908740363, -0.20106636969166244, -0.9074405103473691], [0.02350926170371194, 0.9780270766906933, -0.20714813992407297], [0.9291519140886615, 0.05509403088241643, 0.3655699225955319]], "fy": 734.723569463052, "fx": 755.8056759308042}, {"id": 88, "img_name": "0089", "width": 1249, "height": 703, "position": [1.97268503960109, -0.24102842957889176, 0.2799580919256323], "rotation": [[0.36748491272672057, -0.199091303004331, -0.908469863003871], [0.02360531587760999, 0.9785003388593657, -0.20488991169509727], [0.9297298682846287, 0.05384923323636285, 0.3642837247247027]], "fy": 734.723569463052, "fx": 755.8056759308042}, {"id": 89, "img_name": "0090", "width": 1249, "height": 703, "position": [1.9362195302006437, -0.23117391116904115, 0.28947350562019164], "rotation": [[0.36618117316072873, -0.19624579601301342, -0.9096147184219544], [0.02395475910679481, 0.979173043259982, -0.20160932733661108], [0.9302351949581179, 0.05203593854447271, 0.363255754477514]], "fy": 734.723569463052, "fx": 755.8056759308042}, {"id": 90, "img_name": "0091", "width": 1249, "height": 703, "position": [1.879751480040793, -0.2136757332256086, 0.3044204932262481], "rotation": [[0.36398314827336853, -0.19110482880188995, -0.9115893879272658], [0.024192783310019658, 0.9803340738742999, -0.19585661295124301], [0.9310912828550815, 0.04923462206231421, 0.36144844028112716]], "fy": 734.723569463052, "fx": 755.8056759308042}, {"id": 91, "img_name": "0092", "width": 1249, "height": 703, "position": [1.8457589895145252, -0.20610053819802726, 0.31298709501099203], "rotation": [[0.36268111769586947, -0.18701819178675502, -0.9129548744640594], [0.02426036175511767, 0.9812191908311556, -0.191364402102802], [0.9315974676406036, 0.04725563972124987, 0.36040680182281476]], "fy": 734.723569463052, "fx": 755.8056759308042}, {"id": 92, "img_name": "0093", "width": 1249, "height": 703, "position": [1.7926977883809792, -0.2037763468864236, 0.32275554564066594], "rotation": [[0.3602576526737828, -0.18114919616665745, -0.915095291441361], [0.024278287865496646, 0.9824526845908523, -0.18492508558480444], [0.9325368563377514, 0.04440373034330609, 0.3583340903448942]], "fy": 734.723569463052, "fx": 755.8056759308042}, {"id": 93, "img_name": "0094", "width": 1249, "height": 703, "position": [1.7564982050501567, -0.20287675443209813, 0.32553477321970664], "rotation": [[0.358191953346806, -0.17559310488679333, -0.9169872333210614], [0.024117978662054954, 0.9835676788094695, -0.17892161497876388], [0.9333364064809944, 0.04197240423859437, 0.3565409788784114]], "fy": 734.723569463052, "fx": 755.8056759308042}, {"id": 94, "img_name": "0095", "width": 1249, "height": 703, "position": [1.7203400888176759, -0.20006669209467753, 0.32609635758199385], "rotation": [[0.35596383259479375, -0.16795951190493655, -0.9192819764604769], [0.023791028287917477, 0.9850255593395094, -0.17075899513903023], [0.9341968405306394, 0.03891336285318106, 0.3546294028052773]], "fy": 734.723569463052, "fx": 755.8056759308042}, {"id": 95, "img_name": "0096", "width": 1249, "height": 703, "position": [1.6667050270815875, -0.1908889327835542, 0.326153313939288], "rotation": [[0.35213142607883724, -0.15434605661654022, -0.9231363678106328], [0.02375647576323585, 0.9874650561859565, -0.15603971504388398], [0.9356490200000186, 0.03301602063528333, 0.3513841967909419]], "fy": 734.723569463052, "fx": 755.8056759308042}, {"id": 96, "img_name": "0097", "width": 1249, "height": 703, "position": [1.612158568445151, -0.17855160153845143, 0.3238120121460373], "rotation": [[0.3484280222332651, -0.14301524278578673, -0.9263609197572713], [0.023414924216735557, 0.9893112821625247, -0.14392681581229444], [0.9370430377771022, 0.028457465046347236, 0.34805246448861127]], "fy": 734.723569463052, "fx": 755.8056759308042}, {"id": 97, "img_name": "0098", "width": 1249, "height": 703, "position": [1.577428291624974, -0.17293160301815294, 0.32133915312332345], "rotation": [[0.3464322896165164, -0.13662371310084206, -0.9280725347350802], [0.023455416792415064, 0.990289527965155, -0.13702734845878697], [0.9377816974830293, 0.025702369950853367, 0.34627283469073517]], "fy": 734.723569463052, "fx": 755.8056759308042}, {"id": 98, "img_name": "0099", "width": 1249, "height": 703, "position": [1.5284339561328295, -0.17010550466085878, 0.31972351364225804], "rotation": [[0.3438733388628445, -0.12805025781242405, -0.9302441928297597], [0.02353731352218925, 0.9915226138203747, -0.1277845888789814], [0.938721003116196, 0.022046264014201365, 0.3439721508371555]], "fy": 734.723569463052, "fx": 755.8056759308042}, {"id": 99, "img_name": "0100", "width": 1249, "height": 703, "position": [1.4976018472990553, -0.17232208208605307, 0.31863701616460066], "rotation": [[0.3421555685021801, -0.11868709490344802, -0.9321174499205183], [0.023499981489206893, 0.9927612944940276, -0.1177826940791784], [0.9393494119937251, 0.01839526183348076, 0.3424679496378029]], "fy": 734.723569463052, "fx": 755.8056759308042}, {"id": 100, "img_name": "0101", "width": 1249, "height": 703, "position": [1.4669218275800637, -0.1723943450745297, 0.31958009030517437], "rotation": [[0.3406073899088405, -0.10997786909046163, -0.9337512914314002], [0.023859875349649055, 0.9938264226412111, -0.10835011771324055], [0.939902820661682, 0.014625661369495419, 0.3411286820859813]], "fy": 734.723569463052, "fx": 755.8056759308042}, {"id": 101, "img_name": "0102", "width": 1249, "height": 703, "position": [1.4189744726032372, -0.16412692879220003, 0.32214087832415883], "rotation": [[0.3383316170955026, -0