[{"id": 0, "img_name": "0001", "width": 1281, "height": 720, "position": [-2.9005544819335753, -0.14355119466315583, -0.8109455472253131], "rotation": [[-0.822866164339734, -0.00862507350589424, -0.5681697666119092], [-0.01634801659849254, 0.9998302440741942, 0.008498552102132472], [0.5680000157905886, 0.01628161974605626, -0.8228674807770298]], "fy": 585.4086000432824, "fx": 585.253672923384}, {"id": 1, "img_name": "0002", "width": 1281, "height": 720, "position": [-2.90164808726211, -0.1405868960518255, -0.8087606735592369], "rotation": [[-0.8234504539833913, -0.008454445255466876, -0.5673251908649649], [-0.016240556989600082, 0.9998304993054536, 0.008672771602832615], [0.5671557053783503, 0.016355274807524987, -0.8234481834595034]], "fy": 585.4086000432824, "fx": 585.253672923384}, {"id": 2, "img_name": "0003", "width": 1281, "height": 720, "position": [-2.9049888542932147, -0.13734647543912465, -0.8040615517074954], "rotation": [[-0.8248030589276075, -0.007974453288299222, -0.5653638846605028], [-0.015882212553549248, 0.9998327516382602, 0.009067749217361766], [0.5651970181344426, 0.01645833667834681, -0.824791763929367]], "fy": 585.4086000432824, "fx": 585.253672923384}, {"id": 3, "img_name": "0004", "width": 1281, "height": 720, "position": [-2.90636604657352, -0.13617905138135356, -0.8007653961979041], "rotation": [[-0.8254946838845182, -0.0077634015138570425, -0.5643564976815041], [-0.015750732260438636, 0.9998328377657715, 0.009284985649129412], [0.5641900755168057, 0.016553734387720603, -0.8254789716074912]], "fy": 585.4086000432824, "fx": 585.253672923384}, {"id": 4, "img_name": "0005", "width": 1281, "height": 720, "position": [-2.90638530352188, -0.1361314807512741, -0.8007532391727157], "rotation": [[-0.825497018428064, -0.00777050449196745, -0.564352985131041], [-0.01575385364940991, 0.9998328618799778, 0.009277090065660297], [0.5641865725640497, 0.016548944523253218, -0.8254814617988683]], "fy": 585.4086000432824, "fx": 585.253672923384}, {"id": 5, "img_name": "0006", "width": 1281, "height": 720, "position": [-2.908645459554492, -0.1324280938960238, -0.7883319688032354], "rotation": [[-0.8279336768695382, -0.007115576035829874, -0.5607808799192108], [-0.015226110458820916, 0.9998361166598471, 0.009793129369750462], [0.5606192935188566, 0.016646573228001265, -0.8279063348798473]], "fy": 585.4086000432824, "fx": 585.253672923384}, {"id": 6, "img_name": "0007", "width": 1281, "height": 720, "position": [-2.907681693805457, -0.1315615723614347, -0.7847975425504624], "rotation": [[-0.8287782147676784, -0.006935625775949842, -0.5595342418669256], [-0.015103671070328572, 0.9998361446179689, 0.009978127864235846], [0.559373354609154, 0.016720676139788736, -0.8287471684070656]], "fy": 585.4086000432824, "fx": 585.253672923384}, {"id": 7, "img_name": "0008", "width": 1281, "height": 720, "position": [-2.899317955186847, -0.12903577647178327, -0.7763488392537934], "rotation": [[-0.8314982542773783, -0.006276592524945379, -0.5554919058995802], [-0.014479516312345939, 0.9998413226994086, 0.010376561571991428], [0.5553386324946544, 0.016671346945361706, -0.831457196402794]], "fy": 585.4086000432824, "fx": 585.253672923384}, {"id": 8, "img_name": "0009", "width": 1281, "height": 720, "position": [-2.899276055566813, -0.1289871127489191, -0.7763162880467402], "rotation": [[-0.8314944555592748, -0.006286895132111057, -0.5554974755332219], [-0.014483746808806161, 0.9998413901946618, 0.010364146466772525], [0.5553442098847912, 0.016663415112279787, -0.8314536301828457]], "fy": 585.4086000432824, "fx": 585.253672923384}, {"id": 9, "img_name": "0010", "width": 1281, "height": 720, "position": [-2.8889875073572315, -0.127723354055356, -0.7715924315151266], "rotation": [[-0.8334584616120608, -0.0058838065588210356, -0.5525507882427058], [-0.014080048338334459, 0.9998447760432163, 0.0105913199310017], [0.552402701845354, 0.01660736702397594, -0.8334119331725961]], "fy": 585.4086000432824, "fx": 585.253672923384}, {"id": 10, "img_name": "0011", "width": 1281, "height": 720, "position": [-2.8767994599234923, -0.12594701505425637, -0.7677305251256751], "rotation": [[-0.8355483730972558, -0.0054123643206020035, -0.5493902279136292], [-0.013698070018345875, 0.9998458580698453, 0.010982849281823897], [0.5492461006618989, 0.016702287658756216, -0.8354937190037174]], "fy": 585.4086000432824, "fx": 585.253672923384}, {"id": 11, "img_name": "0012", "width": 1281, "height": 720, "position": [-2.8643266238507477, -0.12344833752125507, -0.7633835695672029], "rotation": [[-0.8377864583747726, -0.005015821178670134, -0.5459749918281593], [-0.01328937350313591, 0.9998488894681961, 0.011206729277946786], [0.5458362783067366, 0.016644511621511898, -0.8377265171385778]], "fy": 585.4086000432824, "fx": 585.253672923384}, {"id": 12, "img_name": "0013", "width": 1281, "height": 720, "position": [-2.864340784831208, -0.12342823789139301, -0.7633857073434482], "rotation": [[-0.8377869497029303, -0.005020103178305475, -0.5459741985401305], [-0.013291885904881508, 0.9998489004302331, 0.011202770976228533], [0.5458354630074437, 0.016642562078399568, -0.8377270870939507]], "fy": 585.4086000432824, "fx": 585.253672923384}, {"id": 13, "img_name": "0014", "width": 1281, "height": 720, "position": [-2.8509997231809385, -0.12046422653529489, -0.7588817302507982], "rotation": [[-0.8400943313338847, -0.0047179603501341, -0.5424198146369722], [-0.012959990542204087, 0.999851306026607, 0.011375609084105362], [0.5422854904068691, 0.016586340374626418, -0.8400305590912498]], "fy": 585.4086000432824, "fx": 585.253672923384}, {"id": 14, "img_name": "0015", "width": 1281, "height": 720, "position": [-2.845020866792654, -0.11922420849470075, -0.7564657359581984], "rotation": [[-0.8413724769783404, -0.0044924723267270456, -0.5404370200825671], [-0.01270038855685353, 0.9998536622292207, 0.011460988496641965], [0.5403064455601436, 0.016506720425596574, -0.8413064085497947]], "fy": 585.4086000432824, "fx": 585.253672923384}, {"id": 15, "img_name": "0016", "width": 1281, "height": 720, "position": [-2.8329049181872046, -0.11728177336756473, -0.7515849025931898], "rotation": [[-0.8441247229748701, -0.004096219067475127, -0.5361312088024253], [-0.012148719957562696, 0.9998602007481424, 0.011488584041435077], [0.5360091983035282, 0.016211105737600137, -0.8440564787884591]], "fy": 585.4086000432824, "fx": 585.253672923384}, {"id": 16, "img_name": "0017", "width": 1281, "height": 720, "position": [-2.832938375285567, -0.11726668352888617, -0.7515645212724442], "rotation": [[-0.8441269595494348, -0.004098300233783514, -0.5361276714524446], [-0.012148901954729143, 0.9998602383851655, 0.011485115482854004], [0.5360056719318564, 0.01620825812830868, -0.8440587728501642]], "fy": 585.4086000432824, "fx": 585.253672923384}, {"id": 17, "img_name": "0018", "width": 1281, "height": 720, "position": [-2.8196917709963, -0.11546644973451094, -0.746299453825932], "rotation": [[-0.847176275128767, -0.0037881715076823314, -0.5312984176671104], [-0.011561802116243683, 0.9998692335838716, 0.011306655748989074], [0.5311861101259817, 0.01572149767133234, -0.8471092910127935]], "fy": 585.4086000432824, "fx": 585.253672923384}, {"id": 18, "img_name": "0019", "width": 1281, "height": 720, "position": [-2.8059760851979765, -0.1135666464149406, -0.740494666712438], "rotation": [[-0.8504772566892573, -0.003463708708560472, -0.5260004168974558], [-0.010936619117624332, 0.9998785943540303, 0.011098960081210928], [0.5258981139123728, 0.015192079337290932, -0.8504118852114063]], "fy": 585.4086000432824, "fx": 585.253672923384}, {"id": 19, "img_name": "0020", "width": 1281, "height": 720, "position": [-2.799619267280528, -0.11262338988285972, -0.7380624107249816], "rotation": [[-0.8522708366444589, -0.0032598407912624934, -0.5230906178124106], [-0.01057752417459503, 0.999883520554092, 0.011002786314855536], [0.5229938211754415, 0.014910357553396758, -0.852206045654418]], "fy": 585.4086000432824, "fx": 585.253672923384}, {"id": 20, "img_name": "0021", "width": 1281, "height": 720, "position": [-2.7724774062519857, -0.10327226732534908, -0.7268675490245309], "rotation": [[-0.86033887773277, -0.0025506916342293504, -0.5097161067042169], [-0.00904507085765252, 0.9999064212271483, 0.01026330755148291], [0.5096422295637378, 0.01344034080309549, -0.860281439462923]], "fy": 585.4086000432824, "fx": 585.253672923384}, {"id": 21, "img_name": "0022", "width": 1281, "height": 720, "position": [-2.7630360434018755, -0.09928728987862664, -0.724566664746523], "rotation": [[-0.8625584133614993, -0.0023343903740024588, -0.505952106588039], [-0.008587311561669262, 0.9999128610401207, 0.01002638552536251], [0.5058846129498656, 0.012993111565061779, -0.8625032970559718]], "fy": 585.4086000432824, "fx": 585.253672923384}, {"id": 22, "img_name": "0023", "width": 1281, "height": 720, "position": [-2.7522855161155526, -0.09621453622985003, -0.7220574518799958], "rotation": [[-0.8648477886827292, -0.00201917715544004, -0.5020301040119095], [-0.008042772783794014, 0.9999193038650364, 0.009833593646760657], [0.5019697363552327, 0.012542275777397749, -0.8647942385919218]], "fy": 585.4086000432824, "fx": 585.253672923384}, {"id": 23, "img_name": "0024", "width": 1281, "height": 720, "position": [-2.7409421163396535, -0.09232962801804452, -0.7197195966487532], "rotation": [[-0.8671926418509446, -0.0018331533235218282, -0.49796943828760387], [-0.00757185064191622, 0.9999261576188088, 0.009505071674730109], [0.4979152427847894, 0.01201327842754444, -0.8671424866444883]], "fy": 585.4086000432824, "fx": 585.253672923384}, {"id": 24, "img_name": "0025", "width": 1281, "height": 720, "position": [-2.7089833089207027, -0.08742632219608436, -0.7086539283139847], "rotation": [[-0.8745985868520708, -0.001031883970243327, -0.4848466222341169], [-0.006067631856878737, 0.9999427200873781, 0.008817050975516237], [0.48480975208839383, 0.010653251134156952, -0.874554751013487]], "fy": 585.4086000432824, "fx": 585.253672923384}, {"id": 25, "img_name": "0026", "width": 1281, "height": 720, "position": [-2.7089650122959443, -0.08744257720610517, -0.7086084617048242], "rotation": [[-0.8745970160643377, -0.0010278468840632417, -0.48484946428983444], [-0.006064491262448352, 0.9999427163031468, 0.008819640469552874], [0.48481262508012735, 0.010653996577219682, -0.8745531492824484]], "fy": 585.4086000432824, "fx": 585.253672923384}, {"id": 26, "img_name": "0027", "width": 1281, "height": 720, "position": [-2.6981045630154656, -0.08498694426291585, -0.704459398785961], "rotation": [[-0.8770009752734657, -0.0008128108121104649, -0.48048790693208304], [-0.005624198048997589, 0.9999474268672598, 0.008573907968477913], [0.480455677212473, 0.010221684798994423, -0.8769594399937629]], "fy": 585.4086000432824, "fx": 585.253672923384}, {"id": 27, "img_name": "0028", "width": 1281, "height": 720, "position": [-2.687400970047725, -0.0827259127842456, -0.7000705520847241], "rotation": [[-0.8794457641343746, -0.0006470973483665431, -0.47599866513586697], [-0.0051811151486360315, 0.9999528490897901, 0.008213138439594012], [0.47597090666544106, 0.009689213705616134, -0.8794076501519897]], "fy": 585.4086000432824, "fx": 585.253672923384}, {"id": 28, "img_name": "0029", "width": 1281, "height": 720, "position": [-2.676940936105682, -0.08139284538060908, -0.6948725685265569], "rotation": [[-0.8819700620240974, -0.000397240272577039, -0.47130526402043854], [-0.004721006933944241, 0.9999569209190824, 0.007991770739807528], [0.4712817859696459, 0.009273537954515328, -0.8819339429385097]], "fy": 585.4086000432824, "fx": 585.253672923384}, {"id": 29, "img_name": "0030", "width": 1281, "height": 720, "position": [-2.6557148768317194, -0.07814172984681722, -0.6839434591521252], "rotation": [[-0.8869974397329857, 3.948363797839706e-05, -0.4617743392049521], [-0.003795807270843611, 0.9999655877541247, 0.0073766628437619], [0.46175873977033766, 0.008295887450433415, -0.8869667662867188]], "fy": 585.4086000432824, "fx": 585.253672923384}, {"id": 30, "img_name": "0031", "width": 1281, "height": 720, "position": [-2.6365197161069474, -0.0760787178908513, -0.6723368206886666], "rotation": [[-0.8920193653264193, 0.000565940132292295, -0.4519968269738389], [-0.002793398673608235, 0.9999732165062132, 0.006764849892521332], [0.4519885494196751, 0.0072969844445992275, -0.8919938930348755]], "fy": 585.4086000432824, "fx": 585.253672923384}, {"id": 31, "img_name": "0032", "width": 1281, "height": 720, "position": [-2.6268455304909026, -0.07470170492724067, -0.6666388024537014], "rotation": [[-0.8944573026757785, 0.0007193831705819085, -0.4471527884043931], [-0.0023565728901227736, 0.9999772346466066, 0.00632271719587494], [0.4471471572694872, 0.006709148707500661, -0.8944352447603102]], "fy": 585.4086000432824, "fx": 585.253672923384}, {"id": 32, "img_name": "0033", "width": 1281, "height": 720, "position": [-2.594795076282948, -0.07364716769140876, -0.643227858323825], "rotation": [[-0.9056482512739068, 0.0018266379810773306, -0.42402583454101017], [-4.103186167095693e-05, 0.9999903391583531, 0.004395441541912951], [0.4240297669750326, 0.003998122515397948, -0.9056394269992064]], "fy": 585.4086000432824, "fx": 585.253672923384}, {"id": 33, "img_name": "0034", "width": 1281, "height": 720, "position": [-2.5884723970162162, -0.07336733775054596, -0.6372632956544515], "rotation": [[-0.9084544831103664, 0.0020094188624196307, -0.4179789640071756], [0.0004969713875229604, 0.9999929301397275, 0.003727289900430219], [0.4179834986409349, 0.003178349634199769, -0.9084490590877871]], "fy": 585.4086000432824, "fx": 585.253672923384}, {"id": 34, "img_name": "0035", "width": 1281, "height": 720, "position": [-2.58382183240578, -0.07340250080607327, -0.6317115875795686], "rotation": [[-0.9114361317017576, 0.0023152245828922274, -0.41143507089657194], [0.001174977127504425, 0.9999947365589079, 0.003024282266948849], [0.411439907224963, 0.0022730133328054476, -0.9114340547472991]], "fy": 585.4086000432824, "fx": 585.253672923384}, {"id": 35, "img_name": "0036", "width": 1281, "height": 720, "position": [-2.5797116839090384, -0.07353910270427655, -0.6273579054640283], "rotation": [[-0.9142830571606161, 0.002592785733721016, -0.4050676102222647], [0.0017889377994161888, 0.9999956079329293, 0.0023630100298232715], [0.4050719579168463, 0.0014358192749222268, -0.9142836799005122]], "fy": 585.4086000432824, "fx": 585.253672923384}, {"id": 36, "img_name": "0037", "width": 1281, "height": 720, "position": [-2.5702380213969076, -0.07376789226637591, -0.6154643539404239], "rotation": [[-0.9233758527648533, 0.003614607795062217, -0.3838801494493666], [0.004000225546307837, 0.9999919778188568, -0.00020613953902938787], [0.3838763247796858, -0.0017259514531876412, -0.9233829045229409]], "fy": 585.4086000432824, "fx": 585.253672923384}, {"id": 37, "img_name": "0038", "width": 1281, "height": 720, "position": [-2.567703347923643, -0.07370761060370057, -0.6120560709545246], "rotation": [[-0.9266740244129926, 0.003986372302475295, -0.3758448633599952], [0.0048401310468654144, 0.9999874054728508, -0.0013274136978322336], [0.37583483820646085, -0.003049218185384731, -0.9266816479561794]], "fy": 585.4086000432824, "fx": 585.253672923384}, {"id": 38, "img_name": "0039", "width": 1281, "height": 720, "position": [-2.567663111249685, -0.07374306645338152, -0.611977269741338], "rotation": [[-0.9266738000955841, 0.003984154836423471, -0.3758454399439332], [0.004838193167610204, 0.9999874133674789, -0.0013285305762115644], [0.37583541624397526, -0.0030495273172153345, -0.9266814125037036]], "fy": 585.4086000432824, "fx": 585.253672923384}, {"id": 39, "img_name": "0040", "width": 1281, "height": 720, "position": [-2.565632755068308, -0.07294629636939119, -0.6090992955551605], "rotation": [[-0.929859998426423, 0.004399511116665921, -0.3678872485264284], [0.0056451585353698005, 0.9999813981314654, -0.0023098866097728144], [0.36787024276437785, -0.004224653000401245, -0.9298675372307085]], "fy": 585.4086000432824, "fx": 585.253672923384}, {"id": 40, "img_name": "0041", "width": 1281, "height": 720, "position": [-2.5628404110817935, -0.07090849900413708, -0.6037633747822335], "rotation": [[-0.9402239967884064, 0.005753573081233115, -0.34050805021325575], [0.008344936428829247, 0.9999462914206303, -0.006146243578534089], [0.3404543991480106, -0.008620363735178615, -0.9402215118948514]], "fy": 585.4086000432824, "fx": 585.253672923384}, {"id": 41, "img_name": "0042", "width": 1281, "height": 720, "position": [-2.562086232983612, -0.07063212674952672, -0.6023653549501659], "rotation": [[-0.9437360257815939, 0.006347916228824931, -0.33063880232288867], [0.009322262321031099, 0.9999290854285473, -0.007410771838825474], [0.3305683122550925, -0.010076114011912824, -0.9437282780860381]], "fy": 585.4086000432824, "fx": 585.253672923384}, {"id": 42, "img_name": "0043", "width": 1281, "height": 720, "position": [-2.5612424863178163, -0.0715303957555697, -0.601273368925686], "rotation": [[-0.9474007973522285, 0.007010444122781076, -0.3199727845451284], [0.010340619707948324, 0.9999086010615426, -0.008709828196039002], [0.3198824796083983, -0.011560415059602728, -0.9473866982617143]], "fy": 585.4086000432824, "fx": 585.253672923384}, {"id": 43, "img_name": "0044", "width": 1281, "height": 720, "position": [-2.558293004546109, -0.07449376723620416, -0.5988960834170985], "rotation": [[-0.9548444537811098, 0.008472229613024436, -0.29698533702665936], [0.012498622472478441, 0.9998538880541563, -0.011661345517435619], [0.2968431463243587, -0.01484667869830659, -0.9548108307994232]], "fy": 585.4086000432824, "fx": 585.253672923384}, {"id": 44, "img_name": "0045", "width": 1281, "height": 720, "position": [-2.5457261224260264, -0.08059591257083927, -0.5941352194042119], "rotation": [[-0.966986739599724, 0.011057344725179353, -0.25458668575933824], [0.015519979317641059, 0.9997589942340681, -0.015526869937781887], [0.2543536429467357, -0.018965457434856385, -0.9669252999813437]], "fy": 585.4086000432824, "fx": 585.253672923384}, {"id": 45, "img_name": "0046", "width": 1281, "height": 720, "position": [-2.545782596814266, -0.08058254605652208, -0.5941374101916902], "rotation": [[-0.9669875464125255, 0.011068967256655174, -0.2545831161859614], [0.015533062503081754, 0.99975872378313, -0.015531200494570085], [0.25434977698507816, -0.01897293291503119, -0.9669261702758088]], "fy": 585.4086000432824, "fx": 585.253672923384}, {"id": 46, "img_name": "0047", "width": 1281, "height": 720, "position": [-2.534709667556034, -0.08216903739756047, -0.5904072558042713], "rotation": [[-0.974160171533339, 0.012818284739305585, -0.22549423889420728], [0.01739415896780351, 0.9996809043537703, -0.0183175518077797], [0.22518748506952713, -0.0217665120487872, -0.9740722845463226]], "fy": 585.4086000432824, "fx": 585.253672923384}, {"id": 47, "img_name": "0048", "width": 1281, "height": 720, "position": [-2.529729915399071, -0.0825728551924773, -0.5882235808355093], "rotation": [[-0.9776347548884894, 0.013732488934950264, -0.20986115596216054], [0.01824998094349487, 0.9996412336879913, -0.0196046450187984], [0.20951664427840777, -0.02299614442471806, -0.9775346301343559]], "fy": 585.4086000432824, "fx": 585.253672923384}, {"id": 48, "img_name": "0049", "width": 1281, "height": 720, "position": [-2.5166242751967345, -0.08407334296665214, -0.5791029136433062], "rotation": [[-0.9869166241268738, 0.01645302637781175, -0.160389759476799], [0.020422358306042256, 0.9995238290563264, -0.023130984194350456], [0.15993281184057898, -0.02610388997047556, -0.9867826927065426]], "fy": 585.4086000432824, "fx": 585.253672923384}, {"id": 49, "img_name": "0050", "width": 1281, "height": 720, "position": [-2.51663576317817, -0.08406672204935454, -0.579102907531544], "rotation": [[-0.9869167020142982, 0.016456690358708625, -0.16038890431591005], [0.02042632242460327, 0.9995237086077928, -0.023132688627361446], [0.1599318249674739, -0.02610619224172485, -0.986782791747612]], "fy": 585.4086000432824, "fx": 585.253672923384}, {"id": 50, "img_name": "0051", "width": 1281, "height": 720, "position": [-2.513380081704191, -0.08522699607406278, -0.5755002879786285], "rotation": [[-0.9894975356234664, 0.0173922620313747, -0.14349960354132824], [0.021108646641046988, 0.9994789948779568, -0.024416466466968573], [0.14300018193019826, -0.027189115821982645, -0.9893491294526662]], "fy": 585.4086000432824, "fx": 585.253672923384}, {"id": 51, "img_name": "0052", "width": 1281, "height": 720, "position": [-2.5103917885274423, -0.08659180438519685, -0.5719698800463381], "rotation": [[-0.9918240610401202, 0.018286534431052857, -0.1262958217851486], [0.02166176164397857, 0.9994425679031085, -0.025403179834814847], [0.12576088431767465, -0.02793127497523883, -0.9916673050241669]], "fy": 585.4086000432824, "fx": 585.253672923384}, {"id": 52, "img_name": "0053", "width": 1281, "height": 720, "position": [-2.505339932285506, -0.09271965458869066, -0.5637496826399624], "rotation": [[-0.9970173794382355, 0.021149111025387374, -0.07422304359798981], [0.0233119649390939, 0.9993248958280757, -0.028395507899744345], [0.07357239556240994, -0.03004109986405, -0.9968373161806124]], "fy": 585.4086000432824, "fx": 585.253672923384}, {"id": 53, "img_name": "0054", "width": 1281, "height": 720, "position": [-2.5053558856217717, -0.09272334475201414, -0.5637624224368921], "rotation": [[-0.9970175364697725, 0.021153223967892307, -0.07421976210894922], [0.023315895874199823, 0.9993248396964918, -0.028394255848044253], [0.07356902181848214, -0.030040071260649667, -0.996837596174686]], "fy": 585.4086000432824, "fx": 585.253672923384}, {"id": 54, "img_name": "0055", "width": 1281, "height": 720, "position": [-2.503787212589079, -0.09512533274574209, -0.5611382822992825], "rotation": [[-0.9981356482011376, 0.022011701532690987, -0.05692725872312952], [0.02371237478204475, 0.9992872053039888, -0.029373535673110764], [0.056240119774856864, -0.03066865356319693, -0.9979461321215339]], "fy": 585.4086000432824, "fx": 585.253672923384}, {"id": 55, "img_name": "0056", "width": 1281, "height": 720, "position": [-2.499395222889586, -0.09938193092670163, -0.5547109258865828], "rotation": [[-0.9994565019498411, 0.023937429852971183, -0.022664954494128333], [0.024641441541999192, 0.9992059442678037, -0.031309428270393014], [0.02189749001413314, -0.031850908808395605, -0.9992527305637747]], "fy": 585.4086000432824, "fx": 585.253672923384}, {"id": 56, "img_name": "0057", "width": 1281, "height": 720, "position": [-2.4961449679532017, -0.10042177681907345, -0.5508185983114958], "rotation": [[-0.9996739542058566, 0.02488372256327731, -0.005725874066056259], [0.025055898053819636, 0.9991650223013153, -0.03227166221824756], [0.004918053999610954, -0.03240460709537941, -0.9994627327638836]], "fy": 585.4086000432824, "fx": 585.253672923384}, {"id": 57, "img_name": "0058", "width": 1281, "height": 720, "position": [-2.4877119382436153, -0.10078523115659033, -0.5404790562845361], "rotation": [[-0.9992521110005165, 0.026794553291765374, 0.027879572717418838], [0.025843373554101726, 0.9990898213408889, -0.033935953447255744], [-0.02876349603845567, -0.033190070908720566, -0.9990350747039463]], "fy": 585.4086000432824, "fx": 585.253672923384}, {"id": 58, "img_name": "0059", "width": 1281, "height": 720, "position": [-2.472338333105486, -0.09722338594726941, -0.520288758381956], "rotation": [[-0.9965607721827033, 0.029563390501101423, 0.07741210040228402], [0.026823009811770576, 0.9989843925211817, -0.036203724169254964], [-0.07840378492937426, -0.034002785785362095, -0.9963416367228579]], "fy": 585.4086000432824, "fx": 585.253672923384}, {"id": 59, "img_name": "0060", "width": 1281, "height": 720, "position": [-2.467274043845225, -0.09677582635433843, -0.5129333396830522], "rotation": [[-0.9951657311292627, 0.030529092484911577, 0.09334421298617433], [0.027173960491929695, 0.9989455061574587, -0.03700610218600907], [-0.09437554480448633, -0.03429067278234734, -0.9949459313465183]], "fy": 585.4086000432824, "fx": 585.253672923384}, {"id": 60, "img_name": "0061", "width": 1281, "height": 720, "position": [-2.4624928608077745, -0.09648779236539451, -0.5057521071544113], "rotation": [[-0.993533863342752, 0.03143594590924209, 0.10909740462548281], [0.02746237954038427, 0.9989103168040617, -0.037735880702443464], [-0.11016478612154157, -0.03449580100824399, -0.9933145320650423]], "fy": 585.4086000432824, "fx": 585.253672923384}, {"id": 61, "img_name": "0062", "width": 1281, "height": 720, "position": [-2.452844138986036, -0.09511263483575168, -0.49128328067987703], "rotation": [[-0.9896573945773847, 0.033202731834056046, 0.1395557951396427], [0.028024610195100354, 0.9988497493509193, -0.03890757567645014], [-0.14068710879719873, -0.03459417321402231, -0.9894495341339663]], "fy": 585.4086000432824, "fx": 585.253672923384}, {"id": 62, "img_name": "0063", "width": 1281, "height": 720, "position": [-2.4477909198890653, -0.09514440775448689, -0.48542688540073087], "rotation": [[-0.9874506821965664, 0.03413179162179129, 0.15419523673000424], [0.028351784499875715, 0.9988160627366375, -0.03953035713162552], [-0.15536192115575823, -0.034662567994421134, -0.987249299738837]], "fy": 585.4086000432824, "fx": 585.253672923384}, {"id": 63, "img_name": "0064", "width": 1281, "height": 720, "position": [-2.442525693870381, -0.0948364524485865, -0.4805181255928419], "rotation": [[-0.9850861304292957, 0.035027821969834394, 0.1684588000784944], [0.028651436913587142, 0.9987834031393876, -0.04013488228573872], [-0.1696596911426615, -0.034709729203106075, -0.9848912751669718]], "fy": 585.4086000432824, "fx": 585.253672923384}, {"id": 64, "img_name": "0065", "width": 1281, "height": 720, "position": [-2.4373063447209224, -0.09403240258123755, -0.47606702363425163], "rotation": [[-0.9825692445700593, 0.03593830244703487, 0.1823900162899492], [0.028985548991669895, 0.9987531466845214, -0.040644679078802544], [-0.1836233034630245, -0.03464953686548773, -0.9823858162760357]], "fy": 585.4086000432824, "fx": 585.253672923384}, {"id": 65, "img_name": "0066", "width": 1281, "height": 720, "position": [-2.4258424960246283, -0.09274072109208138, -0.46689422618735804], "rotation": [[-0.9772003068960017, 0.03763990953192536, 0.2089564486030258], [0.029553030880814155, 0.9986934067321586, -0.04169049910318983], [-0.21025265412859392, -0.03456467213997409, -0.9770358769624267]], "fy": 585.4086000432824, "fx": 585.253672923384}, {"id": 66, "img_name": "0067", "width": 1281, "height": 720, "position": [-2.419407550445818, -0.09222852532093455, -0.4628662160286708], "rotation": [[-0.9743902802154368, 0.038410789907616275, 0.22155855442829292], [0.029811216831430835, 0.9986715225142165, -0.04202953092964692], [-0.22287860635940654, -0.034348236312941836, -0.974240897052407]], "fy": 585.4086000432824, "fx": 585.253672923384}, {"id": 67, "img_name": "0068", "width": 1281, "height": 720, "position": [-2.4039301961384796, -0.09506629028803956, -0.4572677681936564], "rotation": [[-0.9685514270040553, 0.04018552809630904, 0.24554685210775704], [0.03052261558743337, 0.9986072571038015, -0.04303389358777404], [-0.24693420821366519, -0.0341858068683898, -0.9684290513107541]], "fy": 585.4086000432824, "fx": 585.253672923384}, {"id": 68, "img_name": "0069", "width": 1281, "height": 720, "position": [-2.395068687349733, -0.09681151478609852, -0.45469112487812136], "rotation": [[-0.9655497247213402, 0.04097454708838941, 0.2569724023731838], [0.03080135639851481, 0.998578879761874, -0.043491347846816276], [-0.25838925197181833, -0.034077960391174514, -0.9654396340947587]], "fy": 585.4086000432824, "fx": 585.253672923384}, {"id": 69, "img_name": "0070", "width": 1281, "height": 720, "position": [-2.375100504742146, -0.09920103735992189, -0.449000934897509], "rotation": [[-0.959566173577494, 0.04239489137747078, 0.27827222590646605], [0.03126342344849716, 0.9985280623668316, -0.04432050338410825], [-0.27974158947165284, -0.033828713410847415, -0.9594791614562769]], "fy": 585.4086000432824, "fx": 585.253672923384}, {"id": 70, "img_name": "0071", "width": 1281, "height": 720, "position": [-2.3649107115230947, -0.09926964145972607, -0.4457042908684291], "rotation": [[-0.9565745909628717, 0.04310154436673951, 0.28828338279792737], [0.03153646114392546, 0.9985050635469862, -0.04464403307886401], [-0.2897766442326435, -0.03361390998130104, -0.9565038429159793]], "fy": 585.4086000432824, "fx": 585.253672923384}, {"id": 71, "img_name": "0072", "width": 1281, "height": 720, "position": [-2.3319279326917863, -0.10264034055447353, -0.43336048816866984], "rotation": [[-0.9476211739001317, 0.045150498186980394, 0.3161890941977659], [0.03237164554005191, 0.998437204492546, -0.04555464027011115], [-0.31775177000477184, -0.032932980408360776, -0.9476018317100577]], "fy": 585.4086000432824, "fx": 585.253672923384}, {"id": 72, "img_name": "0073", "width": 1281, "height": 720, "position": [-2.3194756283272007, -0.10483537652328272, -0.4288210066598465], "rotation": [[-0.9446782410395069, 0.04575175656889, 0.3247919298217922], [0.03258192445445203, 0.9984156952901064, -0.045875021495556965], [-0.3263762232536975, -0.032754788493203, -0.9446722631290799]], "fy": 585.4086000432824, "fx": 585.253672923384}, {"id": 73, "img_name": "0074", "width": 1281, "height": 720, "position": [-2.295058130975593, -0.10797074876297852, -0.41872291669221273], "rotation": [[-0.9388022948829529, 0.04692162115731117, 0.3412456777608636], [0.03305111718083667, 0.9983782913090486, -0.046350955717470464], [-0.3428671386639437, -0.03223583271445107, -0.938830643041441]], "fy": 585.4086000432824, "fx": 585.253672923384}, {"id": 74, "img_name": "0075", "width": 1281, "height": 720, "position": [-2.282078563951105, -0.10867129828328599, -0.4129256334832158], "rotation": [[-0.9359086370598688, 0.0473149490387909, 0.34905059615218453], [0.033156026203719595, 0.9983710804544152, -0.046431278667098015], [-0.35067891439765386, -0.031882304021824875, -0.9359528928782382]], "fy": 585.4086000432824, "fx": 585.253672923384}, {"id": 75, "img_name": "0076", "width": 1281, "height": 720, "position": [-2.2538847658708647, -0.1102339895415013, -0.3999438915902044], "rotation": [[-0.9301601421949369, 0.04820113597565876, 0.36397631840897327], [0.033469034901470206, 0.9983490913177498, -0.046678855682069344], [-0.36562540061469806, -0.03123687493459201, -0.9302377782425642]], "fy": 585.4086000432824, "fx": 585.253672923384}, {"id": 76, "img_name": "0077", "width": 1281, "height": 720, "position": [-2.2538472301172163, -0.1102227573210137, -0.39992761223380635], "rotation": [[-0.9301613588503551, 0.048196504326910056, 0.36397382250970645], [0.033462196925823154, 0.9983490877473747, -0.046683834149331076], [-0.36562293128106527, -0.031244134884022008, -0.9302385049850337]], "fy": 585.4086000432824, "fx": 585.253672923384}, {"id": 77, "img_name": "0078", "width": 1281, "height": 720, "position": [-2.2211639465864694, -0.11169126368615098, -0.38431592729182507], "rotation": [[-0.924492459348175, 0.048886508056801704, 0.3780526444007167], [0.033682472779404365, 0.9983395523614735, -0.0467293186143098], [-0.37970934099101006, -0.03046715478519875, -0.9246040065041181]], "fy": 585.4086000432824, "fx": 585.253672923384}, {"id": 78, "img_name": "0079", "width": 1281, "height": 720, "position": [-2.2042834220914624, -0.1131216572927319, -0.3759281653271738], "rotation": [[-0.9216908597746679, 0.0491929959702399, 0.3847934616847132], [0.03379986434759102, 0.9983383695117909, -0.04666978819989784], [-0.3864499038399639, -0.030009150404682234, -0.9218220667320085]], "fy": 585.4086000432824, "fx": 585.253672923384}, {"id": 79, "img_name": "0080", "width": 1281, "height": 720, "position": [-2.187365751785871, -0.11466925647392026, -0.36711289813780285], "rotation": [[-0.9189864340053959, 0.04941028393411167, 0.3911809785196564], [0.0339070363776811, 0.9983452166580563, -0.046445034826782736], [-0.39282852111083794, -0.02941856926379863, -0.9191410668577171]], "fy": 585.4086000432824, "fx": 585.253672923384}, {"id": 80, "img_name": "0081", "width": 1281, "height": 720, "position": [-2.151951991866016, -0.11760363964439487, -0.34877038605715127], "rotation": [[-0.913679171350514, 0.04966078687324356, 0.40339085027720667], [0.03398494574810023, 0.9983663289534718, -0.0459314344917145], [-0.40501283350374984, -0.028257378843379248, -0.9138742392901581]], "fy": 585.4086000432824, "fx": 585.253672923384}, {"id": 81, "img_name": "0082", "width": 1281, "height": 720, "position": [-2.1136035003172973, -0.11847046487574185, -0.33031719464323844], "rotation": [[-0.9084811917749132, 0.049614364997148996, 0.4149702868605927], [0.033892695263091945, 0.9984041933140662, -0.04517025548623802], [-0.4165491680450653, -0.026971866061110922, -0.9087129959685539]], "fy": 585.4086000432824, "fx": 585.253672923384}, {"id": 82, "img_name": "0083", "width": 1281, "height": 720, "position": [-2.094341299902736, -0.1180666797501432, -0.32091101457996235], "rotation": [[-0.9059167284297842, 0.04944288908767027, 0.4205594867194666], [0.033761109595352785, 0.9984317750186971, -0.04465622142439362], [-0.42210788742922983, -0.026256263094321476, -0.90616529398248]], "fy": 585.4086000432824, "fx": 585.253672923384}, {"id": 83, "img_name": "0084", "width": 1281, "height": 720, "position": [-2.0752586267021655, -0.11720346306030141, -0.3116829763429228], "rotation": [[-0.903390548023426, 0.04936011454117232, 0.4259684223442113], [0.033716288353550394, 0.9984539000951222, -0.04419300040164477], [-0.4274912041686872, -0.025561464694376992, -0.9036580558380942]], "fy": 585.4086000432824, "fx": 585.253672923384}, {"id": 84, "img_name": "0085", "width": 1281, "height": 720, "position": [-2.0219794619147384, -0.11490925988856587, -0.2821912829409771], "rotation": [[-0.8960232329837597, 0.04875403550329527, 0.4413223424838979], [0.03341945481956289, 0.998539110157355, -0.042459221916109506], [-0.4427476775691711, -0.023295697205743055, -0.8963435750306932]], "fy": 585.4086000432824, "fx": 585.253672923384}, {"id": 85, "img_name": "0086", "width": 1281, "height": 720, "position": [-1.9904832889093533, -0.11309559090032456, -0.2618102963054149], "rotation": [[-0.8913895766788666, 0.04800215164063823, 0.4506888239419083], [0.03304395852354124, 0.9986123799659512, -0.04100501656911032], [-0.45203176812406193, -0.02165890155588916, -0.8917388477519788]], "fy": 585.4086000432824, "fx": 585.253672923384}, {"id": 86, "img_name": "0087", "width": 1281, "height": 720, "position": [-1.9905485888458416, -0.11308599447769065, -0.2618138998169135], "rotation": [[-0.8913873876206952, 0.0480014099198822, 0.4506932325168149], [0.033042101536631584, 0.9986123680138892, -0.041006804017572264], [-0.4520362205806027, -0.021661096357204257, -0.8917365374300911]], "fy": 585.4086000432824, "fx": 585.253672923384}, {"id": 87, "img_name": "0088", "width": 1281, "height": 720, "position": [-1.9621229631100234, -0.10906678274414817, -0.2431356086897035], "rotation": [[-0.886945198239075, 0.04712176423870368, 0.45946463917877206], [0.03256443464689488, 0.9986863697983376, -0.03956124840226945], [-0.4607252683723515, -0.020126453091639927, -0.8873145738514465]], "fy": 585.4086000432824, "fx": 585.253672923384}, {"id": 88, "img_name": "0089", "width": 1281, "height": 720, "position": [-1.93861068536576, -0.10081061978769998, -0.2263106211587888], "rotation": [[-0.8827469351785064, 0.046036354170339105, 0.4675879623425482], [0.0320455045505807, 0.9987700048778675, -0.03783600129986699], [-0.4687546629859291, -0.018415522011822706, -0.8831364189512173]], "fy": 585.4086000432824, "fx": 585.253672923384}, {"id": 89, "img_name": "0090", "width": 1281, "height": 720, "position": [-1.9289402799916244, -0.09623493497225928, -0.21838595898606297], "rotation": [[-0.8807539308788884, 0.045447388467870886, 0.4713884259534133], [0.031782299192130416, 0.9988128991569589, -0.03691446783758881], [-0.47250650651546383, -0.01753075466489985, -0.8811528096428172]], "fy": 585.4086000432824, "fx": 585.253672923384}, {"id": 90, "img_name": "0091", "width": 1281, "height": 720, "position": [-1.9204241659470207, -0.09180860068546938, -0.21090892439119083], "rotation": [[-0.8788470167493415, 0.04487045499865197, 0.47498901399821447], [0.03153935586630539, 0.9988538901740072, -0.03600243208161268], [-0.4760600699305924, -0.016659782485570897, -0.8792549467959861]], "fy": 585.4086000432824, "fx": 585.253672923384}, {"id": 91, "img_name": "0092", "width": 1281, "height": 720, "position": [-1.912601132347729, -0.08711877390217743, -0.20415138801839397], "rotation": [[-0.8770267523018893, 0.0442407997502605, 0.4784002794567094], [0.031225728040449027, 0.9988948147774737, -0.035129801010259434], [-0.47942572902916275, -0.015871378268249442, -0.8774389264767786]], "fy": 585.4086000432824, "fx": 585.253672923384}, {"id": 92, "img_name": "0093", "width": 1281, "height": 720, "position": [-1.899538394104961, -0.07955412339957135, -0.1914287387940949], "rotation": [[-0.873602522443132, 0.0429552489193326, 0.4847406310299097], [0.030731171696034527, 0.9989781305500887, -0.03314045516945459], [-0.4856688458890335, -0.014054937670724788, -0.8740298798438677]], "fy": 585.4086000432824, "fx": 585.253672923384}, {"id": 93, "img_name": "0094", "width": 1281, "height": 720, "position": [-1.8845915243496019, -0.0760673737466035, -0.1838118621299887], "rotation": [[-0.8706029519465862, 0.04156982211143469, 0.4902269371949216], [0.030150759326337668, 0.9990591753414871, -0.031172036796349094], [-0.49106153562861665, -0.012357752854437399, -0.8710372289233413]], "fy": 585.4086000432824, "fx": 585.253672923384}, {"id": 94, "img_name": "0095", "width": 1281, "height": 720, "position": [-1.8709570084199116, -0.07501094884490822, -0.17936948537045286], "rotation": [[-0.8677613255810827, 0.04018199319655526, 0.4953541049073018], [0.029581610973021064, 0.999134996414504, -0.029226481690919775], [-0.49610000011893074, -0.01070823806892692, -0.8681993570139616]], "fy": 585.4086000432824, "fx": 585.253672923384}, {"id": 95, "img_name": "0096", "width": 1281, "height": 720, "position": [-1.8649314044676037, -0.0756928478899544, -0.17740159704307273], "rotation": [[-0.8665006647128624, 0.03951125216867626, 0.4976097456885576], [0.029330069128039583, 0.999170130916727, -0.028262988674144403], [-0.49831350081762, -0.009894970233086631, -0.8669404503580243]], "fy": 585.4086000432824, "fx": 585.253672923384}, {"id": 96, "img_name": "0097", "width": 1281, "height": 720, "position": [-1.8515246685692106, -0.0764470290947829, -0.17535828276738316], "rotation": [[-0.8642763267547326, 0.0381358040198307, 0.5015696277318908], [0.028876967409366044, 0.9992391337280607, -0.02621591843963175], [-0.502187765446934, -0.008173987897964918, -0.8647199744178798]], "fy": 585.4086000432824, "fx": 585.253672923384}, {"id": 97, "img_name": "0098", "width": 1281, "height": 720, "position": [-1.8362698630155132, -0.07396820320590669, -0.17565199920125618], "rotation": [[-0.8624346322258315, 0.03675527768698232, 0.5048322044993239], [0.028454879278053864, 0.9993034254641747, -0.02414505541178459], [-0.5053680094572328, -0.00645859254943271, -0.8628797492116236]], "fy": 585.4086000432824, "fx": 585.253672923384}, {"id": 98, "img_name": "0099", "width": 1281, "height": 720, "position": [-1.8171175811427294, -0.06781739243790234, -0.17726228257657184], "rotation": [[-0.8610129742079818, 0.03528364566347461, 0.5073575884858915], [0.027938432136115108, 0.9993656072434881, -0.02208680756990323], [-0.5078150275989285, -0.004842252321865655, -0.8614525235537652]], "fy": 585.4086000432824, "fx": 585.253672923384}, {"id": 99, "img_name": "0100", "width": 1281, "height": 720, "position": [-1.8058666459232726, -0.06447224292089669, -0.17845960193873256], "rotation": [[-0.8604323778752494, 0.03458996967044168, 0.5083892771313551], [0.02769645976341989, 0.9993932056809344, -0.02112170815437759], [-0.5088113886505657, -0.004093218413835455, -0.8608682920996099]], "fy": 585.4086000432