[{"id": 0, "img_name": "0001", "width": 1253, "height": 704, "position": [-0.011570426712619188, -0.08606738198577639, 6.434440436646004], "rotation": [[0.022876447417672047, 0.08778556926905498, 0.9958766801073586], [-0.003067414743802038, 0.9961388438884655, -0.08773821666378707], [-0.9997335940741093, -0.0010476281115405, 0.023057392632384006]], "fy": 742.7658885380412, "fx": 752.1787959148784}, {"id": 1, "img_name": "0002", "width": 1253, "height": 704, "position": [0.0036684293178471036, -0.08188804211332779, 6.406188958501469], "rotation": [[-0.013610605991052252, 0.087146719924525, 0.99610250507212], [-0.0038568443662228085, 0.9961827949384245, -0.087206443685108], [-0.9998999330713504, -0.005028744879746737, -0.01322254018119637]], "fy": 742.7658885380412, "fx": 752.1787959148784}, {"id": 2, "img_name": "0003", "width": 1253, "height": 704, "position": [0.014891175228654858, -0.07520801392435675, 6.36607912783069], "rotation": [[-0.12054057803867527, 0.08664413376664493, 0.9889199983466458], [-0.006519421305994284, 0.9960931947799524, -0.08806727234848875], [-0.9926869930607215, -0.017062866022321245, -0.11950477986744845]], "fy": 742.7658885380412, "fx": 752.1787959148784}, {"id": 3, "img_name": "0004", "width": 1253, "height": 704, "position": [0.023294278161966244, -0.06517192317322658, 6.331765060671437], "rotation": [[-0.3318832112310009, 0.08155827119982222, 0.9397881583111667], [-0.015059566473264362, 0.995670386400016, -0.09172617458326796], [-0.9432002669426233, -0.04459517961550413, -0.3292180529594705]], "fy": 742.7658885380412, "fx": 752.1787959148784}, {"id": 4, "img_name": "0005", "width": 1253, "height": 704, "position": [0.024006489773971577, -0.06477271027460679, 6.326497466451541], "rotation": [[-0.37500545752237585, 0.07941242718579043, 0.9236149485780828], [-0.015330852176192991, 0.995656566250412, -0.09183118780670713], [-0.9268958257538898, -0.04859700084265014, -0.37215918597975556]], "fy": 742.7658885380412, "fx": 752.1787959148784}, {"id": 5, "img_name": "0006", "width": 1253, "height": 704, "position": [0.024498639823965773, -0.06574967369459349, 6.298235473303294], "rotation": [[-0.5589717899408901, 0.06638266880541101, 0.8265251837255463], [-0.015610795536125665, 0.9957710831721048, -0.09053315956588665], [-0.8290397102147797, -0.06350819790014611, -0.5555716584622267]], "fy": 742.7658885380412, "fx": 752.1787959148784}, {"id": 6, "img_name": "0007", "width": 1253, "height": 704, "position": [0.025952297209959074, -0.07031540163443496, 6.262617617775672], "rotation": [[-0.6716995101720578, 0.05543049768539044, 0.738747066296014], [-0.016745470735421982, 0.9958060283408735, -0.08994411114589165], [-0.7406344288813924, -0.07278608277909525, -0.6679542116861064]], "fy": 742.7658885380412, "fx": 752.1787959148784}, {"id": 7, "img_name": "0008", "width": 1253, "height": 704, "position": [0.021733736672052282, -0.06447797310050508, 6.189578414636975], "rotation": [[-0.8203067318728962, 0.03684453616969269, 0.5707357933391312], [-0.020791721939432867, 0.9953419269649845, -0.09413900745400366], [-0.5715457723951779, -0.08908944146234088, -0.81571962185369]], "fy": 742.7658885380412, "fx": 752.1787959148784}, {"id": 8, "img_name": "0009", "width": 1253, "height": 704, "position": [0.018982278584523827, -0.05900200136154794, 6.147696763079423], "rotation": [[-0.8734714504917563, 0.025856073126483515, 0.4861883263287023], [-0.021516021093132325, 0.9955633824272089, -0.0916002860607712], [-0.48639971835122053, -0.09047107301548471, -0.8690398718903983]], "fy": 742.7658885380412, "fx": 752.1787959148784}, {"id": 9, "img_name": "0010", "width": 1253, "height": 704, "position": [0.015090559903577603, -0.06128404791410436, 6.11167051198879], "rotation": [[-0.9083084385290673, 0.016748463294654285, 0.4179656319294148], [-0.023174391660335934, 0.99564868033355, -0.09025881076788914], [-0.4176586262344651, -0.09166893872696402, -0.9039679627091943]], "fy": 742.7658885380412, "fx": 752.1787959148784}, {"id": 10, "img_name": "0011", "width": 1253, "height": 704, "position": [0.011160345247347691, -0.06321341175923217, 6.092619349381535], "rotation": [[-0.9271894761995789, 0.011407318449763486, 0.3744189475848367], [-0.024453489865529525, 0.9955609655454746, -0.0908866916306172], [-0.37379366241035633, -0.09342503394673266, -0.9227947014227511]], "fy": 742.7658885380412, "fx": 752.1787959148784}, {"id": 11, "img_name": "0012", "width": 1253, "height": 704, "position": [0.0008202977701059358, -0.06731012283316018, 6.0622330950805425], "rotation": [[-0.9613381851210953, 0.00025783096059897077, 0.2753703458095572], [-0.02612342560926244, 0.9954041796026422, -0.09213080844119327], [-0.2741285473322992, -0.09576248092434883, -0.9569133120532378]], "fy": 742.7658885380412, "fx": 752.1787959148784}, {"id": 12, "img_name": "0013", "width": 1253, "height": 704, "position": [-0.01240016882416665, -0.06141183882938583, 6.018492638334903], "rotation": [[-0.9895800737342293, -0.011292740523851534, 0.14354006994431678], [-0.025199583176007886, 0.9951161998229784, -0.09543966605992331], [-0.14176127354081527, -0.0980623417084009, -0.9850317347490646]], "fy": 742.7658885380412, "fx": 752.1787959148784}, {"id": 13, "img_name": "0014", "width": 1253, "height": 704, "position": [-0.03486979828279719, -0.06405866461517333, 5.934649404105832], "rotation": [[-0.9996359657562387, -0.022696239143124766, 0.014588238253796746], [-0.024003836068448168, 0.9950153612270227, -0.09678970387524033], [-0.012318758890022754, -0.09710464278815788, -0.9951979383662294]], "fy": 742.7658885380412, "fx": 752.1787959148784}, {"id": 14, "img_name": "0015", "width": 1253, "height": 704, "position": [-0.0410179938590695, -0.06011926846015307, 5.885203928210312], "rotation": [[-0.9994923301052268, -0.025639648713819907, -0.018912706698287124], [-0.02372278289318874, 0.9951543019612971, -0.09542088272347143], [0.021267619345525065, -0.09492377837905405, -0.9952573359014331]], "fy": 742.7658885380412, "fx": 752.1787959148784}, {"id": 15, "img_name": "0016", "width": 1253, "height": 704, "position": [-0.044367245472861944, -0.05658883084870951, 5.837890276513312], "rotation": [[-0.9992415191003258, -0.02656394148398608, -0.02847355824108111], [-0.02381643048631347, 0.9953967791550177, -0.09283334361482147], [0.030808507671801842, -0.09208479277629002, -0.9952744479762271]], "fy": 742.7658885380412, "fx": 752.1787959148784}, {"id": 16, "img_name": "0017", "width": 1253, "height": 704, "position": [-0.050317600402851805, -0.061954974566030344, 5.799084523974205], "rotation": [[-0.9990535104164074, -0.02717323357695692, -0.033966140517063245], [-0.02397851040374376, 0.9955473365108882, -0.09116211825584523], [0.036292070256053126, -0.09026137680673443, -0.9952566349909362]], "fy": 742.7658885380412, "fx": 752.1787959148784}, {"id": 17, "img_name": "0018", "width": 1253, "height": 704, "position": [-0.05470360195629684, -0.0645350753041325, 5.769561009745631], "rotation": [[-0.9988056648201361, -0.027380733453442375, -0.04046652145608927], [-0.023723484732572696, 0.9958161315738814, -0.08824640711878055], [0.042713466206197585, -0.08718100442631817, -0.9952763597473167]], "fy": 742.7658885380412, "fx": 752.1787959148784}, {"id": 18, "img_name": "0019", "width": 1253, "height": 704, "position": [-0.06569538036233452, -0.06059212385623383, 5.7018370575948865], "rotation": [[-0.9983738977547755, -0.02753090371862302, -0.049916025706904135], [-0.02360705795084225, 0.9967079807161057, -0.07756228459585707], [0.051887060977106624, -0.07625778987919249, -0.9957371552703547]], "fy": 742.7658885380412, "fx": 752.1787959148784}, {"id": 19, "img_name": "0020", "width": 1253, "height": 704, "position": [-0.07354709172250219, -0.0646868713810384, 5.670872515262905], "rotation": [[-0.9982518148610597, -0.027380915973096203, -0.052379381125350295], [-0.023509669588551253, 0.997044018068766, -0.07314725879435108], [0.05422738756788497, -0.07178796190006273, -0.9959447168210681]], "fy": 742.7658885380412, "fx": 752.1787959148784}, {"id": 20, "img_name": "0021", "width": 1253, "height": 704, "position": [-0.08069564968177531, -0.06876542857645927, 5.630885107475765], "rotation": [[-0.998146306171489, -0.02756190432887817, -0.05426133896226415], [-0.023563144751199878, 0.9970533520403518, -0.0730026807352468], [0.056113542800699724, -0.07158878833214141, -0.9958545655362984]], "fy": 742.7658885380412, "fx": 752.1787959148784}, {"id": 21, "img_name": "0022", "width": 1253, "height": 704, "position": [-0.09023490167446765, -0.06451298607965604, 5.561006651213627], "rotation": [[-0.9981296565264784, -0.0272286604310919, -0.0547337995525834], [-0.023370648005615946, 0.9972780064170874, -0.06993132866289051], [0.05648895090308981, -0.06852136869537778, -0.9960491054450983]], "fy": 742.7658885380412, "fx": 752.1787959148784}, {"id": 22, "img_name": "0023", "width": 1253, "height": 704, "position": [-0.09454015845344152, -0.062306727851991504, 5.5260191202092885], "rotation": [[-0.998137887388657, -0.027019221440500514, -0.05468747052166707], [-0.02333648310609981, 0.9974871025892212, -0.06689460908323551], [0.056357486774586824, -0.06549383055608657, -0.9962602028805241]], "fy": 742.7658885380412, "fx": 752.1787959148784}, {"id": 23, "img_name": "0024", "width": 1253, "height": 704, "position": [-0.09791535441386733, -0.06417754418818455, 5.499422864801649], "rotation": [[-0.9981667935342735, -0.026883104846767963, -0.0542250030825609], [-0.02329588168766518, 0.9975651507610201, -0.06573486048922295], [0.05586013052169108, -0.06435113566162591, -0.9963626735065693]], "fy": 742.7658885380412, "fx": 752.1787959148784}, {"id": 24, "img_name": "0025", "width": 1253, "height": 704, "position": [-0.10852592181955928, -0.06767928838114466, 5.448302515019347], "rotation": [[-0.9981634632079704, -0.026939388205011627, -0.05425836414609419], [-0.023375207967555094, 0.997592831313696, -0.06528508684222815], [0.05588649540939233, -0.06389688783237725, -0.9963904291773341]], "fy": 742.7658885380412, "fx": 752.1787959148784}, {"id": 25, "img_name": "0026", "width": 1253, "height": 704, "position": [-0.11538573553868103, -0.06058572710154111, 5.397672642108349], "rotation": [[-0.9981891984602108, -0.026907150478675687, -0.053798971463022205], [-0.02334428494328659, 0.9975603131079679, -0.06579107897290835], [0.05543796927961752, -0.06441604586631126, -0.9963820575447456]], "fy": 742.7658885380412, "fx": 752.1787959148784}, {"id": 26, "img_name": "0027", "width": 1253, "height": 704, "position": [-0.12562860921543567, -0.06092891839214223, 5.3514721315933205], "rotation": [[-0.9984456736909738, -0.026378782442353164, -0.04909578927601815], [-0.023136924158168443, 0.9975864641604035, -0.06546700897737023], [0.050704234815992844, -0.06422932632997883, -0.9966462131623844]], "fy": 742.7658885380412, "fx": 752.1787959148784}, {"id": 27, "img_name": "0028", "width": 1253, "height": 704, "position": [-0.1270345129890968, -0.061585430396910786, 5.341841701697086], "rotation": [[-0.9985346913425792, -0.02614693277101404, -0.04737940577980204], [-0.023024812762840498, 0.9976010296164367, -0.06528432970829569], [0.04897272896842899, -0.06409776606788568, -0.9967412644224627]], "fy": 742.7658885380412, "fx": 752.1787959148784}, {"id": 28, "img_name": "0029", "width": 1253, "height": 704, "position": [-0.13346889897320083, -0.06193904301012313, 5.291242651555248], "rotation": [[-0.9991275899607222, -0.02469401006428772, -0.03367884864754514], [-0.022454076384577647, 0.9976105095074123, -0.06533824128392803], [0.03521183654674869, -0.06452501210620656, -0.997294665271854]], "fy": 742.7658885380412, "fx": 752.1787959148784}, {"id": 29, "img_name": "0030", "width": 1253, "height": 704, "position": [-0.13617276019203872, -0.056874102744718845, 5.236525863610981], "rotation": [[-0.9995896355557193, -0.02364313495596246, -0.01617289890646374], [-0.022556851309481867, 0.9976732151750187, -0.06433773528297809], [0.017656413808768673, -0.063946523688116, -0.9977971202401915]], "fy": 742.7658885380412, "fx": 752.1787959148784}, {"id": 30, "img_name": "0031", "width": 1253, "height": 704, "position": [-0.14353983443592294, -0.06342745385630663, 5.163702825129007], "rotation": [[-0.9997420498071117, -0.022701940249270632, -0.0006750973209262592], [-0.02260735781000152, 0.9975469442390396, -0.0662495389584341], [0.00217743434453005, -0.06621718771039027, -0.9978028576985547]], "fy": 742.7658885380412, "fx": 752.1787959148784}, {"id": 31, "img_name": "0032", "width": 1253, "height": 704, "position": [-0.14650115738751546, -0.06246788527205964, 5.14816567300243], "rotation": [[-0.9997462074909745, -0.022503161731141905, 0.0010622238533010346], [-0.022524119954776094, 0.9975532988461335, -0.0661821726861522], [0.0004296832267013478, -0.06618930180398405, -0.9978069912057266]], "fy": 742.7658885380412, "fx": 752.1787959148784}, {"id": 32, "img_name": "0033", "width": 1253, "height": 704, "position": [-0.1548087929213216, -0.05632201551736412, 5.09385344149417], "rotation": [[-0.9997467230534826, -0.022106366183185913, 0.004218805280878518], [-0.022338529232765136, 0.9975261823232014, -0.0666521244328766], [-0.002734932456199269, -0.0667294848914156, -0.997767355644885]], "fy": 742.7658885380412, "fx": 752.1787959148784}, {"id": 33, "img_name": "0034", "width": 1253, "height": 704, "position": [-0.16367368956498635, -0.059414022850935846, 5.056645295645867], "rotation": [[-0.999724335574724, -0.02157956880711733, 0.00925067942237929], [-0.022156181166858965, 0.9974679291887967, -0.06757835360464966], [-0.0077689443155468454, -0.0677646843858409, -0.9976710836013588]], "fy": 742.7658885380412, "fx": 752.1787959148784}, {"id": 34, "img_name": "0035", "width": 1253, "height": 704, "position": [-0.1725083050937192, -0.06090019966158652, 5.004554432743871], "rotation": [[-0.9996324710611947, -0.020284407744327316, 0.017985149500373478], [-0.021511201434026798, 0.9972536290497461, -0.07086936968801169], [-0.01649821241691457, -0.07123020531750007, -0.9973234514626997]], "fy": 742.7658885380412, "fx": 752.1787959148784}, {"id": 35, "img_name": "0036", "width": 1253, "height": 704, "position": [-0.17277122754939733, -0.05526186258728077, 4.979567902191913], "rotation": [[-0.9995378966256742, -0.019856348192950058, 0.02301561742736144], [-0.021442599080602608, 0.9972559502677224, -0.07085749501845637], [-0.02154549033535498, -0.07131826618799957, -0.9972208866415436]], "fy": 742.7658885380412, "fx": 752.1787959148784}, {"id": 36, "img_name": "0037", "width": 1253, "height": 704, "position": [-0.17099861504424888, -0.052983661890862135, 4.934167334349638], "rotation": [[-0.9992855878104115, -0.019544387805071523, 0.03234703850007438], [-0.02178211891834945, 0.9972853689818261, -0.07033798483187938], [-0.030884515373034542, -0.07099232155738947, -0.9969986143370835]], "fy": 742.7658885380412, "fx": 752.1787959148784}, {"id": 37, "img_name": "0038", "width": 1253, "height": 704, "position": [-0.16907734436311664, -0.0565395840739875, 4.866514167302638], "rotation": [[-0.9986936720360364, -0.018200571400586327, 0.04774608503185744], [-0.021587306245135322, 0.9972138735974542, -0.0714036309569713], [-0.04631347152023849, -0.07234106375671268, -0.9963040865369825]], "fy": 742.7658885380412, "fx": 752.1787959148784}, {"id": 38, "img_name": "0039", "width": 1253, "height": 704, "position": [-0.16809935872220133, -0.05435247221158766, 4.849634719574029], "rotation": [[-0.9984925674161503, -0.017797309957181432, 0.051921561734915106], [-0.021494246623794216, 0.9972064063880912, -0.07153586807067538], [-0.05050336797462227, -0.07254404742525457, -0.9960857247277377]], "fy": 742.7658885380412, "fx": 752.1787959148784}, {"id": 39, "img_name": "0040", "width": 1253, "height": 704, "position": [-0.16920934433370083, -0.050536755250732174, 4.772744594482963], "rotation": [[-0.9970439951974502, -0.01563179534549051, 0.0752257842430553], [-0.02100885398955915, 0.997238848690302, -0.07122714873478003], [-0.07390466625830464, -0.07259700845846058, -0.9946194119702924]], "fy": 742.7658885380412, "fx": 752.1787959148784}, {"id": 40, "img_name": "0041", "width": 1253, "height": 704, "position": [-0.16950966293388464, -0.05411061129791478, 4.735207288519283], "rotation": [[-0.9959223258552566, -0.01408840164084862, 0.08910801199814189], [-0.020518625315775797, 0.9972178265034735, -0.07166304848971512], [-0.08785048023890177, -0.07319920384057872, -0.9934405717902298]], "fy": 742.7658885380412, "fx": 752.1787959148784}, {"id": 41, "img_name": "0042", "width": 1253, "height": 704, "position": [-0.16770891538604443, -0.053518382088590784, 4.711115051127147], "rotation": [[-0.9946977069445618, -0.012800195631033282, 0.10204227942886397], [-0.020178994346584374, 0.9972285455966127, -0.07161030676114392], [-0.10084284796846818, -0.07328971850861413, -0.9921992426798848]], "fy": 742.7658885380412, "fx": 752.1787959148784}, {"id": 42, "img_name": "0043", "width": 1253, "height": 704, "position": [-0.16049462230630107, -0.0453582263923407, 4.645655687317122], "rotation": [[-0.9910333715790985, -0.010354504225572195, 0.13321276462414078], [-0.019989047832750535, 0.9972623354366246, -0.0711917992905724], [-0.13211091697245972, -0.07321624520372338, -0.9885272313168534]], "fy": 742.7658885380412, "fx": 752.1787959148784}, {"id": 43, "img_name": "0044", "width": 1253, "height": 704, "position": [-0.1574792113551565, -0.04989434177896761, 4.607708015225243], "rotation": [[-0.9893368217387604, -0.009987486674119313, 0.14530279853389783], [-0.020440156820643672, 0.9972936222770437, -0.07062316160213063], [-0.14420420639147719, -0.07284010622910596, -0.9868634483977694]], "fy": 742.7658885380412, "fx": 752.1787959148784}, {"id": 44, "img_name": "0045", "width": 1253, "height": 704, "position": [-0.15830703065554966, -0.05033529699651405, 4.561463214319182], "rotation": [[-0.9886637443519176, -0.00927178653773163, 0.14986004997478342], [-0.02009284179547374, 0.9972841766952202, -0.07085582983720469], [-0.14879609642940198, -0.07306370431161831, -0.9861650048544799]], "fy": 742.7658885380412, "fx": 752.1787959148784}, {"id": 45, "img_name": "0046", "width": 1253, "height": 704, "position": [-0.16122453841599013, -0.04520524651921269, 4.524673926825205], "rotation": [[-0.9884842103670065, -0.009041685582416902, 0.1510536784621429], [-0.02000152363522892, 0.9972618589325595, -0.07119497012180817], [-0.1499963496468668, -0.0733964075429069, -0.9859584486439632]], "fy": 742.7658885380412, "fx": 752.1787959148784}, {"id": 46, "img_name": "0047", "width": 1253, "height": 704, "position": [-0.17184526716100107, -0.04908934453768983, 4.443499892859508], "rotation": [[-0.9882832105739371, -0.00793780255972909, 0.1524246928427104], [-0.01928977765564872, 0.9971349449231656, -0.07314236864547934], [-0.15140739802158773, -0.0752256133481032, -0.9856048431905832]], "fy": 742.7658885380412, "fx": 752.1787959148784}, {"id": 47, "img_name": "0048", "width": 1253, "height": 704, "position": [-0.17276154254493914, -0.045810453286426474, 4.3894343148487], "rotation": [[-0.9878945609985943, -0.007422571293578935, 0.15494915870951456], [-0.019038198208002934, 0.9971049667431228, -0.07361543523738012], [-0.1539541599255681, -0.07567424087222713, -0.9851758857737154]], "fy": 742.7658885380412, "fx": 752.1787959148784}, {"id": 48, "img_name": "0049", "width": 1253, "height": 704, "position": [-0.17100930509556048, -0.043868498182498286, 4.353029702994696], "rotation": [[-0.9876112209757933, -0.0076535519794214335, 0.15673384875258906], [-0.01934815185663082, 0.9971277273047617, -0.07322529931501674], [-0.15572323276388114, -0.07535063756956092, -0.9849226143182143]], "fy": 742.7658885380412, "fx": 752.1787959148784}, {"id": 49, "img_name": "0050", "width": 1253, "height": 704, "position": [-0.17332452073621943, -0.046814954903220636, 4.314266362649178], "rotation": [[-0.9875570447003553, -0.007496259413006722, 0.15708242918134863], [-0.019543888708303935, 0.9969699324465293, -0.07529269693483086], [-0.15604204522133752, -0.07742583478643138, -0.9847111862017032]], "fy": 742.7658885380412, "fx": 752.1787959148784}, {"id": 50, "img_name": "0051", "width": 1253, "height": 704, "position": [-0.17677462721085258, -0.04880266007992117, 4.28360734626581], "rotation": [[-0.9875613235066036, -0.007102253706200529, 0.15707383711547196], [-0.019179148072558407, 0.996960933080141, -0.0755053520698078], [-0.1560602210465431, -0.07757870780225401, -0.9846962737324825]], "fy": 742.7658885380412, "fx": 752.1787959148784}, {"id": 51, "img_name": "0052", "width": 1253, "height": 704, "position": [-0.18084088077016175, -0.04244201472470925, 4.2397829205303825], "rotation": [[-0.9877293251011043, -0.006851685329870609, 0.1560251093364698], [-0.0189499980136299, 0.9969135313929619, -0.07618601250162221], [-0.1550215401503944, -0.07820783422237411, -0.9848105689703199]], "fy": 742.7658885380412, "fx": 752.1787959148784}, {"id": 52, "img_name": "0053", "width": 1253, "height": 704, "position": [-0.1932839449097176, -0.04407079765543576, 4.189454876682559], "rotation": [[-0.987688763260753, -0.0067154173844904295, 0.15628758779185245], [-0.01902408456165887, 0.996819019024624, -0.07739462201844002], [-0.1552707027582304, -0.07941502679051636, -0.9846746987634171]], "fy": 742.7658885380412, "fx": 752.1787959148784}, {"id": 53, "img_name": "0054", "width": 1253, "height": 704, "position": [-0.20386743942957644, -0.047349926439700374, 4.153048909010321], "rotation": [[-0.9878599142414392, -0.005755738445155871, 0.15524065611123442], [-0.01826985393447309, 0.9966829378121826, -0.0793053208258425], [-0.15426925251685317, -0.0811787715417507, -0.984688277973727]], "fy": 742.7658885380412, "fx": 752.1787959148784}, {"id": 54, "img_name": "0055", "width": 1253, "height": 704, "position": [-0.2176682813930358, -0.040168700268100696, 4.0968216183433785], "rotation": [[-0.988543656921516, -0.0058438191470476, 0.15082204128711446], [-0.018097479379275864, 0.9966304271980336, -0.08000170512671513], [-0.1498463199426404, -0.08181467692805362, -0.9853184454981068]], "fy": 742.7658885380412, "fx": 752.1787959148784}, {"id": 55, "img_name": "0056", "width": 1253, "height": 704, "position": [-0.2338897405712438, -0.04347536245059341, 4.017992996492189], "rotation": [[-0.9900931040432157, -0.0072722226759658675, 0.140223964083963], [-0.018484311776780348, 0.9967172632534134, -0.07882275909129709], [-0.13919042906826665, -0.08063381368865699, -0.9869773110592838]], "fy": 742.7658885380412, "fx": 752.1787959148784}, {"id": 56, "img_name": "0057", "width": 1253, "height": 704, "position": [-0.25082084771349594, -0.04537591548703772, 3.9701571375445317], "rotation": [[-0.9920339120260658, -0.008502475448976273, 0.12568383070824593], [-0.018498490244127478, 0.9967360615854859, -0.07858135525519049], [-0.12460547038130951, -0.08028033038231779, -0.988953257391247]], "fy": 742.7658885380412, "fx": 752.1787959148784}, {"id": 57, "img_name": "0058", "width": 1253, "height": 704, "position": [-0.25996589924800184, -0.0421568016156218, 3.9439893239326076], "rotation": [[-0.9929064001956691, -0.008965991036135233, 0.11856007530031984], [-0.018405949779336257, 0.9967230185884902, -0.07876830091203382], [-0.11746532025750464, -0.08039176089990877, -0.989817691959592]], "fy": 742.7658885380412, "fx": 752.1787959148784}, {"id": 58, "img_name": "0059", "width": 1253, "height": 704, "position": [-0.272209076577369, -0.04461227820482807, 3.912668221925128], "rotation": [[-0.9934673001578209, -0.009241523174135425, 0.11374233058343627], [-0.018369096252424243, 0.9966685165339401, -0.07946347873648797], [-0.11262903630946577, -0.08103371149994934, -0.9903273387019789]], "fy": 742.7658885380412, "fx": 752.1787959148784}, {"id": 59, "img_name": "0060", "width": 1253, "height": 704, "position": [-0.2930191521356659, -0.05608293683863672, 3.860049083655245], "rotation": [[-0.9945550064939686, -0.009337463275793878, 0.10379378997490621], [-0.017894670379882172, 0.996486325923623, -0.0818216537307459], [-0.10266508573890694, -0.08323349101660892, -0.9912275551776244]], "fy": 742.7658885380412, "fx": 752.1787959148784}, {"id": 60, "img_name": "0061", "width": 1253, "height": 704, "position": [-0.3013654796476947, -0.057476035708821836, 3.8237705868568024], "rotation": [[-0.9953227102612132, -0.010009708390486179, 0.09608594161587843], [-0.018119966395589274, 0.996308678285124, -0.08390878614049897], [-0.09489135501243136, -0.08525739446925826, -0.9918300295071821]], "fy": 742.7658885380412, "fx": 752.1787959148784}, {"id": 61, "img_name": "0062", "width": 1253, "height": 704, "position": [-0.30504503146603457, -0.05332037115976682, 3.7751774791476453], "rotation": [[-0.9957744603090428, -0.010728872524873723, 0.0912037032722861], [-0.018565972180106964, 0.9961633915476062, -0.08552076950880452], [-0.08993624893913296, -0.08685268352051986, -0.992153255546764]], "fy": 742.7658885380412, "fx": 752.1787959148784}, {"id": 62, "img_name": "0063", "width": 1253, "height": 704, "position": [-0.31072160591957093, -0.057446773304929755, 3.724927071168574], "rotation": [[-0.9961530732811371, -0.011191558919358201, 0.08691262049610635], [-0.01924310001405923, 0.9955395229032029, -0.09236212123761788], [-0.08549127262121317, -0.09367927917430859, -0.9919251156004606]], "fy": 742.7658885380412, "fx": 752.1787959148784}, {"id": 63, "img_name": "0064", "width": 1253, "height": 704, "position": [-0.31199057756319004, -0.0582082973106257, 3.6739358701319667], "rotation": [[-0.9965429591715877, -0.011136927869828882, 0.08232921330340458], [-0.01918374073313308, 0.9950403410628244, -0.09760483466028769], [-0.08083387048149553, -0.098846793044592, -0.9918140939146716]], "fy": 742.7658885380412, "fx": 752.1787959148784}, {"id": 64, "img_name": "0065", "width": 1253, "height": 704, "position": [-0.31729956500814194, -0.05514732801236168, 3.636317393786219], "rotation": [[-0.9966434110943635, -0.011026793095700245, 0.08111917748729862], [-0.019162331732340093, 0.9947820095106962, -0.1002075775400289], [-0.07959093016651447, -0.10142565448586353, -0.9916542343212895]], "fy": 742.7658885380412, "fx": 752.1787959148784}, {"id": 65, "img_name": "0066", "width": 1253, "height": 704, "position": [-0.3277246163066275, -0.05899174284727678, 3.586809735665602], "rotation": [[-0.9967253669518158, -0.010338162542375068, 0.08019766374412937], [-0.01888473063134725, 0.9941274875452184, -0.10655470640010886], [-0.07862512209052826, -0.10772029011416268, -0.9910673182352296]], "fy": 742.7658885380412, "fx": 752.1787959148784}, {"id": 66, "img_name": "0067", "width": 1253, "height": 704, "position": [-0.33467345924976594, -0.059768008645282464, 3.5417061511998718], "rotation": [[-0.9968502411579968, -0.009783403926014147, 0.07870121797573375], [-0.018447426773143847, 0.9937463549730334, -0.11012662903793775], [-0.07713163520043505, -0.11123159166995, -0.9907967722322657]], "fy": 742.7658885380412, "fx": 752.1787959148784}, {"id": 67, "img_name": "0068", "width": 1253, "height": 704, "position": [-0.3396499718540602, -0.0510333160152385, 3.4849521702287123], "rotation": [[-0.9968934352945943, -0.009875309624854363, 0.0781406227666197], [-0.01858961376365008, 0.9935800977257293, -0.11159308071492838], [-0.07653695138075613, -0.11269901358549443, -0.9906770550538634]], "fy": 742.7658885380412, "fx": 752.1787959148784}, {"id": 68, "img_name": "0069", "width": 1253, "height": 704, "position": [-0.3450600454872635, -0.051444547819290976, 3.4416052709401477], "rotation": [[-0.9968732702579384, -0.009909838856392137, 0.07839310007318262], [-0.018834739349249913, 0.9933087752199729, -0.11394265954699893], [-0.07673940082441028, -0.11506290525116177, -0.990389616361295]], "fy": 742.7658885380412, "fx": 752.1787959148784}, {"id": 69, "img_name": "0070", "width": 1253, "height": 704, "position": [-0.3570809673273963, -0.05530309838727178, 3.3890332434837642], "rotation": [[-0.9969928665277541, -0.00959601516195124, 0.07689694783138872], [-0.01853537509448735, 0.9930298997973517, -0.11639612527300139], [-0.0752440294168141, -0.11747142036032923, -0.9902215920871693]], "fy": 742.7658885380412, "fx": 752.1787959148784}, {"id": 70, "img_name": "0071", "width": 1253, "height": 704, "position": [-0.37232835237171047, -0.04414863638099146, 3.331744279768487], "rotation": [[-0.9972592670153949, -0.009334085979766846, 0.07339502156713265], [-0.018008844322689534, 0.9927983514143113, -0.11843612183446027], [-0.07176096346955413, -0.11943327956624282, -0.9902454523268325]], "fy": 742.7658885380412, "fx": 752.1787959148784}, {"id": 71, "img_name": "0072", "width": 1253, "height": 704, "position": [-0.3838507360434494, -0.04475556017713439, 3.29382948002514], "rotation": [[-0.9972851868679706, -0.008972603698562285, 0.07308726589895022], [-0.017856018955047553, 0.9923920651909562, -0.12181605613836878], [-0.0714382155487683, -0.12279039591473667, -0.9898581211619721]], "fy": 742.7658885380412, "fx": 752.1787959148784}, {"id": 72, "img_name": "0073", "width": 1253, "height": 704, "position": [-0.39085100308737747, -0.045614140568544896, 3.2469531323981973], "rotation": [[-0.9972404979387924, -0.009115516632539825, 0.07367697487893345], [-0.018756474741970435, 0.9911726340114023, -0.13124406364537894], [-0.07183024381166278, -0.13226381569960982, -0.9886084660423137]], "fy": 742.7658885380412, "fx": 752.1787959148784}, {"id": 73, "img_name": "0074", "width": 1253, "height": 704, "position": [-0.40028197699505547, -0.03951904490410235, 3.1974254234775716], "rotation": [[-0.997035363838619, -0.008246298016559423, 0.07650151517593749], [-0.018395322903036707, 0.990955179540363, -0.1329264617652129], [-0.07471342148827821, -0.1339396532440922, -0.9881690512955598]], "fy": 742.7658885380412, "fx": 752.1787959148784}, {"id": 74, "img_name": "0075", "width": 1253, "height": 704, "position": [-0.4065917453384325, -0.04046206990904338, 3.1459231568119206], "rotation": [[-0.9969878812570918, -0.008197480205609665, 0.07712305715396482], [-0.01849954431263196, 0.9908314058668695, -0.1338315807577131], [-0.07531886541046712, -0.13485520555826516, -0.9879985536665112]], "fy": 742.7658885380412, "fx": 752.1787959148784}, {"id": 75, "img_name": "0076", "width": 1253, "height": 704, "position": [-0.41175976106323514, -0.04544277544496345, 3.1050688706343466], "rotation": [[-0.9970412182946946, -0.00856086522033678, 0.07639057931518506], [-0.018834577038009198, 0.9906934388468132, -0.13480270373280764], [-0.07452561793926736, -0.1358426362102674, -0.9879234334998915]], "fy": 742.7658885380412, "fx": 752.1787959148784}, {"id": 76, "img_name": "0077", "width": 1253, "height": 704, "position": [-0.4214147137392941, -0.03916515547553496, 3.0306609837628273], "rotation": [[-0.9970857137778245, -0.008184358731587113, 0.07584916382082618], [-0.018456993391663262, 0.9905721215415955, -0.1357431818528025], [-0.07402309622750143, -0.13674753488357888, -0.9878363695107395]], "fy": 742.7658885380412, "fx": 752.1787959148784}, {"id": 77, "img_name": "0078", "width": 1253, "height": 704, "position": [-0.4253411515884311, -0.04166367274403899, 3.0100966337903383], "rotation": [[-0.9970380792380157, -0.007825355822968281, 0.07651034149454829], [-0.018325067843790697, 0.9903305512280943, -0.13751214925518176], [-0.07469444716904282, -0.1385069063639169, -0.987540670783542]], "fy": 742.7658885380412, "fx": 752.1787959148784}, {"id": 78, "img_name": "0079", "width": 1253, "height": 704, "position": [-0.4291655351249538, -0.04543296823111334, 2.9553397494879876], "rotation": [[-0.9968257557242488, -0.0070285614351655356, 0.0793032915390813], [-0.018401077399533946, 0.9894643503740268, -0.14360257549724328], [-0.07745846032110876, -0.14460601184963648, -0.9864528819267682]], "fy": 742.7658885380412, "fx": 752.1787959148784}, {"id": 79, "img_name": "0080", "width": 1253, "height": 704, "position": [-0.4260343680770454, -0.03560597431636556, 2.877666275561508], "rotation": [[-0.9963408657422823, -0.006189908700620328, 0.0852441451490889], [-0.018681701462115938, 0.9890289011894619, -0.1465360933096217], [-0.08340187817070628, -0.14759240374166874, -0.9855255496816687]], "fy": 742.7658885380412, "fx": 752.1787959148784}, {"id": 80, "img_name": "0081", "width": 1253, "height": 704, "position": [-0.42471103575983504, -0.04011836595428518, 2.83766551712764], "rotation": [[-0.9962226212127671, -0.006080002876942951, 0.08662287543703576], [-0.018899182040259536, 0.9888143450984138, -0.1479493556789082], [-0.08475440933764443, -0.14902759641291724, -0.9851941258479039]], "fy": 742.7658885380412, "fx": 752.1787959148784}, {"id": 81, "img_name": "0082", "width": 1253, "height": 704, "position": [-0.4235440829742184, -0.0423608880248693, 2.8217422028255155], "rotation": [[-0.9961678947958355, -0.005953489605090082, 0.08725870351749315], [-0.018858685225694317, 0.9888330457392365, -0.14782948841697088], [-0.08540418824384355, -0.14890857468791785, -0.9851560084650666]], "fy": 742.7658885380412, "fx": 752.1787959148784}, {"id": 82, "img_name": "0083", "width": 1253, "height": 704, "position": [-0.41978640218725155, -0.03653152381723991, 2.766776412786707], "rotation": [[-0.9960166664941331, -0.005416317995062528, 0.08900260426128764], [-0.018824918869257058, 0.9884283697447432, -0.1505157145062098], [-0.08715745806000141, -0.15159162702182896, -0.9845930916482166]], "fy": 742.7658885380412, "fx": 752.1787959148784}, {"id": 83, "img_name": "0084", "width": 1253, "height": 704, "position": [-0.4197450852082885, -0.03567486005889182, 2.7141517315610373], "rotation": [[-0.9955665975985174, -0.003716606940845545, 0.09398583179905295], [-0.018299281088688175, 0.9877797452264235, -0.1547782647275096], [-0.0922620510163837, -0.15581194355141434, -0.9834685313669069]], "fy": 742.7658885380412, "fx": 752.1787959148784}, {"id": 84, "img_name": "0085", "width": 1253, "height": 704, "position": [-0.41386720328235665, -0.03938356533094106, 2.6649022761562655], "rotation": [[-0.9946022836801832, -0.0012632410301742394, 0.10375307957002429], [-0.01781608537191996, 0.9871547941146869, -0.1587702729052591], [-0.10221978477860615, -0.1597617497353159, -0.9818489185823477]], "fy": 742.7658885380412, "fx": 752.1787959148784}, {"id": 85, "img_name": "0086", "width": 1253, "height": 704, "position": [-0.40491437258695256, -0.032236857541511524, 2.6071726844216716], "rotation": [[-0.9921287948962472, 0.0026471794778747983, 0.1251936371327658], [-0.0175918549743429, 0.9869149548076643, -0.160279127198608], [-0.12397976034934254, -0.16121992562272744, -0.979100175980947]], "fy": 742.7658885380412, "fx": 752.1787959148784}, {"id": 86, "img_name": "0087", "width": 1253, "height": 704, "position": [-0.39494080844398083, -0.036377641803418743, 2.5367264217148318], "rotation": [[-0.9891347050010888, 0.006209753260905385, 0.14688081674216819], [-0.017651994297141333, 0.9868624769169861, -0.1605953260546666], [-0.14594842397142008, -0.16144314980112856, -0.9760303104527788]], "fy": 742.7658885380412, "fx": 752.1787959148784}, {"id": 87, "img_name": "0088", "width": 1253, "height": 704, "position": [-0.39402482270965916, -0.03882756216192432, 2.511596826257139], "rotation": [[-0.9886381094274358, 0.006925983799033692, 0.15015565036375075], [-0.017497756663370584, 0.9868440605457888, -0.1607253205853049], [-0.14929339268532577, -0.1615265641122694, -0.9755104571385127]], "fy": 742.7658885380412, "fx": 752.1787959148784}, {"id": 88, "img_name": "0089", "width": 1253, "height": 704, "position": [-0.3923001694772339, -0.03383497783030035, 2.475196002486658], "rotation": [[-0.9882708625578083, 0.007687777456169155, 0.15251754094867076], [-0.017198205698840452, 0.9867753617740492, -0.16117880479900068], [-0.15173965842845893, -0.1619113444866615, -0.975069121953175]], "fy": 742.7658885380412, "fx": 752.1787959148784}, {"id": 89, "img_name": "0090", "width": 1253, "height": 704, "position": [-0.3912561230469812, -0.03230093582614279, 2.425431796693833], "rotation": [[-0.9877629145572602, 0.00899536619962234, 0.15570326911237778], [-0.016494810745202333, 0.9867109694154105, -0.16164585999579778], [-0.1550881873123379, -0.162236081751982, -0.9744881261123388]], "fy": 742.7658885380412, "fx": 752.1787959148784}, {"id": 90, "img_name": "0091", "width": 1253, "height": 704, "position": [-0.38918275691677806, -0.03656343220416345, 2.3760657749129885], "rotation": [[-0.9871881517658304, 0.010242287661834638, 0.15923143080628238], [-0.016287012489394976, 0.9862569526357498, -0.1644139793381777], [-0.15872708098284277, -0.1649009366895673, -0.9734543619716179]], "fy": 742.7658885380412, "fx": 752.1787959148784}, {"id": 91, "img_name": "0092", "width": 1253, "height": 704, "position": [-0.3814913403994319, -0.02828873184676288, 2.2848039289841027], "rotation": [[-0.9865100268617731, 0.01068967326878554, 0.16335145480401667], [-0.016392121640547326, 0.9863997124646823, -0.16354481220054834], [-0.16287806865659846, -0.16401627399437452, -0.9729179804154602]], "fy": 742.7658885380412, "fx": 752.1787959148784}, {"id": 92, "img_name": "0093", "width": 1253, "height": 704, "position": [-0.3792690307229664, -0.03241910211241487, 2.2567738275233395], "rotation": [[-0.9865287146727422, 0.010422587236525727, 0.16325582624042645], [-0.016591195873376877, 0.9864477376417734, -0.16323477914010304], [-0.16274466917732985, -0.16374440624559958, -0.9729860955212246]], "fy": 742.7658885380412, "fx": 752.1787959148784}, {"id": 93, "img_name": "0094", "width": 1253, "height": 704, "position": [-0.3752120741325995, -0.03112758646471243, 2.195781377803196], "rotation": [[-0.9868787686079782, 0.010054895803883067, 0.16114960484336463], [-0.01664999196253798, 0.9864010500246211, -0.16351069163199122], [-0.1606022223957282, -0.1640483696374267, -0.9732908396675968]], "fy": 742.7658885380412, "fx": 752.1787959148784}, {"id": 94, "img_name": "0095", "width": 1253, "height": 704, "position": [-0.37504315901436314, -0.02823051179743663, 2.1759972557039258], "rotation": [[-0.9869444537107215, 0.01008997696244013, 0.1607446349168221], [-0.016539452698394515, 0.9864102189898335, -0.16346659101133332], [-0.16020952466717633, -0.16399107365136179, -0.9733652120188963]], "fy": 742.7658885380412, "fx": 752.1787959148784}, {"id": 95, "img_name": "0096", "width": 1253, "height": 704, "position": [-0.3754927703558266, -0.030417116232659996, 2.125339626696023], "rotation": [[-0.9869503866458144, 0.010491740936322476, 0.1606824746878235], [-0.01615517558099852, 0.9863886496329309, -0.16363508846598368], [-0.1602121861832772, -0.1640955674216957, -0.9733471632212873]], "fy": 742.7658885380412, "fx": 752.1787959148784}, {"id": 96, "img_name": "0097", "width": 1253, "height": 704, "position": [-0.3734457229880159, -0.034808596884624766, 2.078613614342955], "rotation": [[-0.9869316968715046, 0.010966125895750942, 0.16076557402992264], [-0.015837169993198442, 0.9862503358922362, -0.1644975957242471], [-0.16035900273117976, -0.16489396300438, -0.9731880451422384]], "fy": 742.7658885380412, "fx": 752.1787959148784}, {"id": 97, "img_name": "0098", "width": 1253, "height": 704, "position": [-0.3671132810538798, -0.027078422615954174, 2.019221566427265], "rotation": [[-0.9869230718037135, 0.010959660876994277, 0.16081895465082213], [-0.015913298058964322, 0.9861876910431377, -0.16486541474757935], [-0.16040454259904385, -0.16526864151576387, -0.9731169810691443]], "fy": 742.7658885380412, "fx": 752.1787959148784}, {"id": 98, "img_name": "0099", "width": 1253, "height": 704, "position": [-0.36071766017562684, -0.02938985554854114, 1.9713262357497876], "rotation": [[-0.9869574504130889, 0.010336540559856855, 0.1606491425540423], [-0.016449878451930404, 0.9862369728109139, -0.1645175825244259], [-0.1601386667017409, -0.1650145126648532, -0.9732038933527596]], "fy": 742.7658885380412, "fx": 752.1787959148784}, {"id": 99, "img_name": "0100", "width": 1253, "height": 704, "position": [-0.35645796395146345, -0.03016318041148715, 1.917082459950839], "rotation": [[-0.9871355421810378, 0.01025027