[{"id": 0, "img_name": "0001", "width": 719, "height": 1283, "position": [-5.9006183596456445, 0.7453060818836452, 1.739374410998197], "rotation": [[-0.8482715510155138, 0.03905188157784585, 0.5281196136132075], [0.15474774711318662, 0.9720272707663821, 0.17668084120767533], [-0.5064469473707259, 0.23159865161889098, -0.8305862712970784]], "fy": 577.9669162687409, "fx": 585.8597671549177}, {"id": 1, "img_name": "0002", "width": 719, "height": 1283, "position": [-5.8883412876513646, 0.7255494536434564, 1.71797926120856], "rotation": [[-0.8509565146768592, 0.03850075474748886, 0.5238231591032279], [0.15218889267613464, 0.972600421277435, 0.17574686761637687], [-0.5027042381709387, 0.22927300847424234, -0.8335000518957066]], "fy": 577.9669162687409, "fx": 585.8597671549177}, {"id": 2, "img_name": "0003", "width": 719, "height": 1283, "position": [-5.883940011320481, 0.7213906999588455, 1.7133281828967886], "rotation": [[-0.8517943009070931, 0.03848733593979018, 0.5224607104026622], [0.1515560131697387, 0.9727562775629077, 0.17543089617866384], [-0.5014750679887191, 0.22861309987446668, -0.834421240592242]], "fy": 577.9669162687409, "fx": 585.8597671549177}, {"id": 3, "img_name": "0004", "width": 719, "height": 1283, "position": [-5.8697040215602225, 0.706898719944725, 1.6982444276806894], "rotation": [[-0.8542856722766654, 0.03791988314019268, 0.5184188196867856], [0.14958424384517383, 0.9730816479697112, 0.17531873938007456], [-0.49781577328975146, 0.22731957427195987, -0.8369619268621132]], "fy": 577.9669162687409, "fx": 585.8597671549177}, {"id": 4, "img_name": "0005", "width": 719, "height": 1283, "position": [-5.850347271522818, 0.6860654667092758, 1.6763452046028906], "rotation": [[-0.8577198113422544, 0.037636693203875915, 0.5127379492057171], [0.14743822181534216, 0.9734332385319447, 0.1751847620917406], [-0.4925227872687083, 0.2258566125795017, -0.8404820608288884]], "fy": 577.9669162687409, "fx": 585.8597671549177}, {"id": 5, "img_name": "0006", "width": 719, "height": 1283, "position": [-5.839234371546194, 0.6745155371639352, 1.6634005327189023], "rotation": [[-0.8595157162119572, 0.03752499275385402, 0.5097299368327007], [0.14651534343201406, 0.9735360528210619, 0.1753875936221982], [-0.48965905252904784, 0.2254316498994974, -0.8422675248992717]], "fy": 577.9669162687409, "fx": 585.8597671549177}, {"id": 6, "img_name": "0007", "width": 719, "height": 1283, "position": [-5.826187989129276, 0.6641840952264788, 1.6497022608864613], "rotation": [[-0.861521981351089, 0.037675961941619616, 0.5063204494592995], [0.14570805347607618, 0.9736410130386173, 0.17547746545168677], [-0.4863630730237507, 0.22495266084425103, -0.8443028257550631]], "fy": 577.9669162687409, "fx": 585.8597671549177}, {"id": 7, "img_name": "0008", "width": 719, "height": 1283, "position": [-5.806096570393392, 0.6436009204676985, 1.629653684360269], "rotation": [[-0.8649450779502861, 0.03757987071147329, 0.5004575560893066], [0.14457098777199237, 0.9735792057110424, 0.17675621545418438], [-0.480592594225299, 0.22523606177600553, -0.8475255010036167]], "fy": 577.9669162687409, "fx": 585.8597671549177}, {"id": 8, "img_name": "0009", "width": 719, "height": 1283, "position": [-5.799795158504761, 0.6351909348441173, 1.623954330507421], "rotation": [[-0.8660610708259316, 0.03740862873823303, 0.4985366747750516], [0.14428953451306822, 0.9734646665304799, 0.17761495783492912], [-0.4786635058471061, 0.2257590253182065, -0.8484775251340075]], "fy": 577.9669162687409, "fx": 585.8597671549177}, {"id": 9, "img_name": "0010", "width": 719, "height": 1283, "position": [-5.770158134417928, 0.6215090498307333, 1.6057946953816622], "rotation": [[-0.8695939881637396, 0.039338173934203344, 0.4921979315488882], [0.1439145054274658, 0.9737342345618447, 0.17643768183079855], [-0.47232923991327236, 0.22426356929688906, -0.8524147702903611]], "fy": 577.9669162687409, "fx": 585.8597671549177}, {"id": 10, "img_name": "0011", "width": 719, "height": 1283, "position": [-5.738322340703936, 0.6109687774635328, 1.5969830958516846], "rotation": [[-0.8728423844701826, 0.040599800719091715, 0.48631042355061155], [0.14375798221704406, 0.9737042620165812, 0.17673045204386578], [-0.4663473109403433, 0.22416883439121316, -0.8557268952571228]], "fy": 577.9669162687409, "fx": 585.8597671549177}, {"id": 11, "img_name": "0012", "width": 719, "height": 1283, "position": [-5.726889810478802, 0.6086929942507461, 1.5951138343652476], "rotation": [[-0.8740097422868724, 0.04128700702899826, 0.48415116796122865], [0.14399557037237065, 0.9736350958823211, 0.1769179916779494], [-0.4640821544735049, 0.22434367188938223, -0.8569117053596707]], "fy": 577.9669162687409, "fx": 585.8597671549177}, {"id": 12, "img_name": "0013", "width": 719, "height": 1283, "position": [-5.675970924657003, 0.6073746781437571, 1.5871128589134653], "rotation": [[-0.8780404935269039, 0.044592201552177184, 0.47650438328283995], [0.1447945841272314, 0.9737399989359762, 0.17568421351842375], [-0.45615723181207135, 0.2232531075548446, -0.8614398585116968]], "fy": 577.9669162687409, "fx": 585.8597671549177}, {"id": 13, "img_name": "0014", "width": 719, "height": 1283, "position": [-5.647539413551003, 0.6039957903525156, 1.5854880427509392], "rotation": [[-0.8800535698669532, 0.046323339954237236, 0.4726096299695087], [0.1456199773704216, 0.9736082981114433, 0.17573190956447513], [-0.4519961685181298, 0.22347489797295605, -0.8635730621209229]], "fy": 577.9669162687409, "fx": 585.8597671549177}, {"id": 14, "img_name": "0015", "width": 719, "height": 1283, "position": [-5.618485691007869, 0.5991048827331301, 1.5843313054664945], "rotation": [[-0.8820884089291884, 0.04844419649421239, 0.46858638334761954], [0.14688050973761665, 0.9733955540664434, 0.1758613407855732], [-0.44760044089789514, 0.22395145712790465, -0.8657364438201142]], "fy": 577.9669162687409, "fx": 585.8597671549177}, {"id": 15, "img_name": "0016", "width": 719, "height": 1283, "position": [-5.589074083583061, 0.5921670504989813, 1.582982699784866], "rotation": [[-0.8841279695869685, 0.050829707291770686, 0.4644718228812773], [0.14844073821575163, 0.9731220703751241, 0.1760647136333536], [-0.44303846405474373, 0.2246102780494807, -0.8679096395147067]], "fy": 577.9669162687409, "fx": 585.8597671549177}, {"id": 16, "img_name": "0017", "width": 719, "height": 1283, "position": [-5.560106853710392, 0.5845523906024205, 1.5767784259425242], "rotation": [[-0.88595252838711, 0.053133186116119654, 0.460722239508401], [0.14914650978464525, 0.9732854977534684, 0.17455846723044433], [-0.4391394266785269, 0.22336562939703408, -0.8702093768401493]], "fy": 577.9669162687409, "fx": 585.8597671549177}, {"id": 17, "img_name": "0018", "width": 719, "height": 1283, "position": [-5.507465443116444, 0.5735359656645295, 1.5665667148751674], "rotation": [[-0.8901665055676604, 0.05811743826274875, 0.45191365960240254], [0.15123020701345224, 0.9732918315474658, 0.1727206852975289], [-0.4298057896912615, 0.222093165164431, -0.8751809008057226]], "fy": 577.9669162687409, "fx": 585.8597671549177}, {"id": 18, "img_name": "0019", "width": 719, "height": 1283, "position": [-5.483928192334028, 0.5695508909047233, 1.5638040469364411], "rotation": [[-0.8928405720588632, 0.0604011072393648, 0.44630417780910336], [0.1521610165592639, 0.9731506477356575, 0.17269870251777075], [-0.42389000687118406, 0.22210250573986962, -0.8780590749026049]], "fy": 577.9669162687409, "fx": 585.8597671549177}, {"id": 19, "img_name": "0020", "width": 719, "height": 1283, "position": [-5.462110718005682, 0.5672016745491257, 1.5562587252789792], "rotation": [[-0.8956144487485287, 0.06238233502952954, 0.4404352432187195], [0.15293034661187632, 0.9729455334629096, 0.1731741839875264], [-0.41771649270532807, 0.22245321573498958, -0.880924229733251]], "fy": 577.9669162687409, "fx": 585.8597671549177}, {"id": 20, "img_name": "0021", "width": 719, "height": 1283, "position": [-5.422248884994055, 0.5667136255318039, 1.5482421366912147], "rotation": [[-0.9014224243568821, 0.06629952526293546, 0.4278340634129895], [0.1549313114886183, 0.9721613225775759, 0.17578012289401435], [-0.4042695902327768, 0.22473703707695233, -0.8865998886639311]], "fy": 577.9669162687409, "fx": 585.8597671549177}, {"id": 21, "img_name": "0022", "width": 719, "height": 1283, "position": [-5.405290202456027, 0.564737165637706, 1.5429026257880745], "rotation": [[-0.9042747504268855, 0.0677398823249283, 0.42154298011353336], [0.1560377648291037, 0.9714673830494058, 0.1786150598865511], [-0.397415892595567, 0.2272937130977093, -0.8890434051826293]], "fy": 577.9669162687409, "fx": 585.8597671549177}, {"id": 22, "img_name": "0023", "width": 719, "height": 1283, "position": [-5.390106966195648, 0.5630935690179535, 1.5393570001094963], "rotation": [[-0.9072075110594959, 0.06938341680427365, 0.41492224976469905], [0.15710005088280482, 0.9708266209259326, 0.18114978916398355], [-0.3902487743604776, 0.229524755906852, -0.8916413407508902]], "fy": 577.9669162687409, "fx": 585.8597671549177}, {"id": 23, "img_name": "0024", "width": 719, "height": 1283, "position": [-5.380320659697044, 0.5617381368314475, 1.5520857472077292], "rotation": [[-0.9105181724237343, 0.07161741081661084, 0.4072193563106593], [0.15760865093013676, 0.9706418388920103, 0.18169736856740348], [-0.3822514497528103, 0.22962004934295557, -0.8950745567278815]], "fy": 577.9669162687409, "fx": 585.8597671549177}, {"id": 24, "img_name": "0025", "width": 719, "height": 1283, "position": [-5.379064139915382, 0.5480656006364769, 1.5969442829319072], "rotation": [[-0.9157071151737686, 0.07264740247232467, 0.3952250423925053], [0.1567034667932994, 0.970215432018555, 0.18473234413066372], [-0.3700331102956798, 0.23109385622961234, -0.8998172741717241]], "fy": 577.9669162687409, "fx": 585.8597671549177}, {"id": 25, "img_name": "0026", "width": 719, "height": 1283, "position": [-5.402076249963746, 0.518853012305809, 1.9478551077741153], "rotation": [[-0.9346513086575249, 0.08409818405968644, 0.3454771000553282], [0.1481570779377841, 0.9753730675835205, 0.16339173568344972], [-0.32322811059948603, 0.20389917721897757, -0.9240934552563991]], "fy": 577.9669162687409, "fx": 585.8597671549177}, {"id": 26, "img_name": "0027", "width": 719, "height": 1283, "position": [-5.435487972590062, 0.5324522887840172, 2.1709897771342392], "rotation": [[-0.9400677396451558, 0.098053342455473, 0.3265856501926521], [0.15033810314536147, 0.978834020934013, 0.13886113280830914], [-0.3060573469484147, 0.17963713840813084, -0.9349114390590351]], "fy": 577.9669162687409, "fx": 585.8597671549177}, {"id": 27, "img_name": "0028", "width": 719, "height": 1283, "position": [-5.4394373165974255, 0.5556666093106843, 2.36242733467215], "rotation": [[-0.9449191782908423, 0.11311532243979128, 0.30713624066121054], [0.15519783648052152, 0.9810291472856971, 0.11616989165727583], [-0.28816900952379365, 0.1574380386223099, -0.9445485090480189]], "fy": 577.9669162687409, "fx": 585.8597671549177}, {"id": 28, "img_name": "0029", "width": 719, "height": 1283, "position": [-5.494585159197504, 0.5894934785018713, 2.584439140145827], "rotation": [[-0.9447927569357505, 0.1208499654709385, 0.3045684361312189], [0.15519526038920772, 0.9836730329912705, 0.09111418834891012], [-0.28858461080672576, 0.1333516029578484, -0.948122498622463]], "fy": 577.9669162687409, "fx": 585.8597671549177}, {"id": 29, "img_name": "0030", "width": 719, "height": 1283, "position": [-5.512496264477226, 0.5898442886765304, 2.6667162505710444], "rotation": [[-0.9460019524315348, 0.11861978457216969, 0.3016780613564328], [0.1517077940187965, 0.9844426095698339, 0.08864250502600945], [-0.2864699831215725, 0.1296228960152787, -0.9492801765542868]], "fy": 577.9669162687409, "fx": 585.8597671549177}, {"id": 30, "img_name": "0031", "width": 719, "height": 1283, "position": [-5.487543588695375, 0.5939637165072372, 2.677660316958445], "rotation": [[-0.9474922226338577, 0.12046867910666606, 0.2962191509721255], [0.15185813029705386, 0.9847178325418658, 0.08526369999438856], [-0.2814206749885921, 0.12576997904247736, -0.9513066361907813]], "fy": 577.9669162687409, "fx": 585.8597671549177}, {"id": 31, "img_name": "0032", "width": 719, "height": 1283, "position": [-5.457004759667814, 0.5918445778327462, 2.669456817732007], "rotation": [[-0.9488769306212544, 0.12112438079566101, 0.2914814829653058], [0.15258900186358224, 0.9843935187038195, 0.08766981717894023], [-0.27631353033295686, 0.12766473558027214, -0.952550548918091]], "fy": 577.9669162687409, "fx": 585.8597671549177}, {"id": 32, "img_name": "0033", "width": 719, "height": 1283, "position": [-5.423611572873228, 0.5898484311788146, 2.6582905446905523], "rotation": [[-0.9504107222011647, 0.12179738687662611, 0.2861552999248573], [0.1529807129676946, 0.9841962074386904, 0.0891892747094299], [-0.27076994032749535, 0.12854268479117653, -0.9540232793814416]], "fy": 577.9669162687409, "fx": 585.8597671549177}, {"id": 33, "img_name": "0034", "width": 719, "height": 1283, "position": [-5.346613539068565, 0.5775284055685045, 2.6332970929497344], "rotation": [[-0.9541331997561371, 0.12150412187406189, 0.2736175898781511], [0.15134266129988366, 0.9843162845060632, 0.09064684730782126], [-0.25831228386157645, 0.127899180700237, -0.9575576032711681]], "fy": 577.9669162687409, "fx": 585.8597671549177}, {"id": 34, "img_name": "0035", "width": 719, "height": 1283, "position": [-5.305798315051857, 0.5685303906918366, 2.6161266760798667], "rotation": [[-0.9560030323392393, 0.12104817842928522, 0.2672181518107089], [0.15007741335963096, 0.9844815916715157, 0.09095474511646671], [-0.2520614452022792, 0.12705642116347718, -0.9593339844306921]], "fy": 577.9669162687409, "fx": 585.8597671549177}, {"id": 35, "img_name": "0036", "width": 719, "height": 1283, "position": [-5.267655177743404, 0.5621630961232208, 2.599385221985816], "rotation": [[-0.9579242749071578, 0.12049424226677967, 0.2605037833202246], [0.14870090226889227, 0.9846530898905446, 0.09135827402824764], [-0.2454977091706016, 0.12625145602945595, -0.961140699711769]], "fy": 577.9669162687409, "fx": 585.8597671549177}, {"id": 36, "img_name": "0037", "width": 719, "height": 1283, "position": [-5.2294687001000275, 0.5579761549137955, 2.582788143829552], "rotation": [[-0.9596988050713927, 0.11995095302493097, 0.254145573270423], [0.14729802782272464, 0.9848608456930674, 0.09139149643304748], [-0.2393355271247396, 0.12514345164309118, -0.9628383155892667]], "fy": 577.9669162687409, "fx": 585.8597671549177}, {"id": 37, "img_name": "0038", "width": 719, "height": 1283, "position": [-5.176536480985355, 0.5566995337735724, 2.5555476723677324], "rotation": [[-0.9623210500693732, 0.11922665305732023, 0.24438330915618467], [0.14519600506139957, 0.985200028444284, 0.09109897950905962], [-0.22990501670817878, 0.12314994581456959, -0.9653899596216442]], "fy": 577.9669162687409, "fx": 585.8597671549177}, {"id": 38, "img_name": "0039", "width": 719, "height": 1283, "position": [-5.127431150195316, 0.5579474421802817, 2.52924826447102], "rotation": [[-0.9648694343235469, 0.11812508408560764, 0.23467730869840384], [0.1428922079743515, 0.985504996940255, 0.09144242946249129], [-0.22047401572151867, 0.12176356399003825, -0.9677628030029211]], "fy": 577.9669162687409, "fx": 585.8597671549177}, {"id": 39, "img_name": "0040", "width": 719, "height": 1283, "position": [-5.092981432862594, 0.5585175437498989, 2.5089180776774396], "rotation": [[-0.9664414352298044, 0.11756444856045149, 0.22840655136320615], [0.14158138367324738, 0.9856679051909096, 0.09172509184368795], [-0.21434939717229132, 0.12098504499003676, -0.9692352422506283]], "fy": 577.9669162687409, "fx": 585.8597671549177}, {"id": 40, "img_name": "0041", "width": 719, "height": 1283, "position": [-5.059885710582956, 0.5579925120649396, 2.4872483464287565], "rotation": [[-0.9680075316468233, 0.11672558322681284, 0.22211833984474333], [0.13997932733670373, 0.9858755951175318, 0.09195161156834812], [-0.2082479449919937, 0.12010182834583667, -0.9706741699636385]], "fy": 577.9669162687409, "fx": 585.8597671549177}, {"id": 41, "img_name": "0042", "width": 719, "height": 1283, "position": [-4.996081000585596, 0.5507874647741399, 2.44461592549279], "rotation": [[-0.970930879652708, 0.1153659125255218, 0.20972346831952834], [0.13720983440389092, 0.986191656140401, 0.0927333742614265], [-0.1961292642103044, 0.11881381900354278, -0.9733532699560409]], "fy": 577.9669162687409, "fx": 585.8597671549177}, {"id": 42, "img_name": "0043", "width": 719, "height": 1283, "position": [-4.96624282777541, 0.5429625493368404, 2.422603625426356], "rotation": [[-0.9721981079706502, 0.1147713527347272, 0.20410383497065407], [0.13596880977846681, 0.9863366812764652, 0.09301846018912419], [-0.1906392447155471, 0.1181841265143903, -0.9745199795870354]], "fy": 577.9669162687409, "fx": 585.8597671549177}, {"id": 43, "img_name": "0044", "width": 719, "height": 1283, "position": [-4.940480386392797, 0.5364477774751201, 2.40374683354897], "rotation": [[-0.9735503366082755, 0.11388332972595173, 0.19806647697286636], [0.13436383507021185, 0.9865395870736079, 0.09319872832748188], [-0.18478663889777786, 0.11734662477960336, -0.9757477480054446]], "fy": 577.9669162687409, "fx": 585.8597671549177}, {"id": 44, "img_name": "0045", "width": 719, "height": 1283, "position": [-4.9138001389183685, 0.5316969297144265, 2.3869245841261675], "rotation": [[-0.9748753831182887, 0.11302879734005282, 0.19194394588480918], [0.13279900871069983, 0.9867294181912678, 0.09343167857519165], [-0.17883626778543765, 0.11657420918789767, -0.9769483318358199]], "fy": 577.9669162687409, "fx": 585.8597671549177}, {"id": 45, "img_name": "0046", "width": 719, "height": 1283, "position": [-4.870922579803751, 0.528339777303331, 2.3622695813623937], "rotation": [[-0.9768309743995875, 0.11203691487446212, 0.18234302059295862], [0.13067438811026263, 0.9869974294853127, 0.09359635933835093], [-0.16948584526608718, 0.11525538553489721, -0.9787700160710081]], "fy": 577.9669162687409, "fx": 585.8597671549177}, {"id": 46, "img_name": "0047", "width": 719, "height": 1283, "position": [-4.830069953549212, 0.5273652673480084, 2.3435341037067645], "rotation": [[-0.978690951002, 0.11164172445121422, 0.17233730817312803], [0.12908569109127008, 0.9872114926585746, 0.09354332214711222], [-0.1596900334469554, 0.11379628343838118, -0.9805863037455305]], "fy": 577.9669162687409, "fx": 585.8597671549177}, {"id": 47, "img_name": "0048", "width": 719, "height": 1283, "position": [-4.803782157142102, 0.5285124489506776, 2.3320850535454016], "rotation": [[-0.9799574809724911, 0.11147377247781622, 0.1650967399302994], [0.12808945627609625, 0.9873315117680515, 0.09364601999395299], [-0.1525661386971004, 0.11291626950700188, -0.9818215160627101]], "fy": 577.9669162687409, "fx": 585.8597671549177}, {"id": 48, "img_name": "0049", "width": 719, "height": 1283, "position": [-4.77650587667467, 0.5299490945564767, 2.321642715627275], "rotation": [[-0.98123198552206, 0.11123910147239346, 0.15751080246144658], [0.1269929601639925, 0.987464318890989, 0.09373903661731178], [-0.14510885106436794, 0.11198250408331499, -0.9830581570395559]], "fy": 577.9669162687409, "fx": 585.8597671549177}, {"id": 49, "img_name": "0050", "width": 719, "height": 1283, "position": [-4.719082218966527, 0.5303645004648765, 2.3047019671892905], "rotation": [[-0.9837566283910961, 0.11070738255728345, 0.14130382706741318], [0.1246560215233001, 0.9877381078685936, 0.09399099192025247], [-0.1291656780827037, 0.11007863421884247, -0.9854942525930575]], "fy": 577.9669162687409, "fx": 585.8597671549177}, {"id": 50, "img_name": "0051", "width": 719, "height": 1283, "position": [-4.688650247187128, 0.5293985993811103, 2.297681266944792], "rotation": [[-0.9849935114698524, 0.11044220707383667, 0.13262843307129998], [0.12345668973340598, 0.9878625485823546, 0.09426574599739204], [-0.12060774486888495, 0.10922501547280773, -0.9866730298698784]], "fy": 577.9669162687409, "fx": 585.8597671549177}, {"id": 51, "img_name": "0052", "width": 719, "height": 1283, "position": [-4.6565607425944, 0.5274241527365624, 2.291531766973663], "rotation": [[-0.9861871846289813, 0.11032325977583317, 0.12354600449224219], [0.12237254696345153, 0.9879661523271185, 0.09459303148555381], [-0.11162345910802507, 0.10840507464313262, -0.9878200965602874]], "fy": 577.9669162687409, "fx": 585.8597671549177}, {"id": 52, "img_name": "0053", "width": 719, "height": 1283, "position": [-4.623827382830072, 0.5226191634750975, 2.285378422802075], "rotation": [[-0.9873685304194828, 0.110224840750202, 0.11381506762666821], [0.12124911734941747, 0.988069562592498, 0.09495889121223511], [-0.10199037542463324, 0.10755939735728591, -0.9889534566201181]], "fy": 577.9669162687409, "fx": 585.8597671549177}, {"id": 53, "img_name": "0054", "width": 719, "height": 1283, "position": [-4.589157748677174, 0.513469094582594, 2.276586861178177], "rotation": [[-0.9884507869588057, 0.11029001258018202, 0.10392860475143713], [0.12025757852968297, 0.98817817729832, 0.09508945639526471], [-0.09221256187035627, 0.1064894503527608, -0.9900287068549437]], "fy": 577.9669162687409, "fx": 585.8597671549177}, {"id": 54, "img_name": "0055", "width": 719, "height": 1283, "position": [-4.529256058731483, 0.4944662340647813, 2.2637746489477797], "rotation": [[-0.9904067918947974, 0.11050217053312361, 0.08296780626317167], [0.11825050402508737, 0.9884148506311297, 0.09514673588544402], [-0.07149269100032192, 0.10404495835604011, -0.9919997186361605]], "fy": 577.9669162687409, "fx": 585.8597671549177}, {"id": 55, "img_name": "0056", "width": 719, "height": 1283, "position": [-4.499245763882035, 0.48847273664462604, 2.2550261981273825], "rotation": [[-0.9912353454754076, 0.1106780942211153, 0.07213077942065294], [0.11729333989228864, 0.9885385897005033, 0.09504593147448309], [-0.06078455640342381, 0.10267334674842353, -0.9928561938016586]], "fy": 577.9669162687409, "fx": 585.8597671549177}, {"id": 56, "img_name": "0057", "width": 719, "height": 1283, "position": [-4.469223049209049, 0.4841212793784694, 2.2456941681976295], "rotation": [[-0.9919854834583492, 0.11074197466832775, 0.060835973358401525], [0.11619983840739624, 0.9886690166487534, 0.09503248430343196], [-0.04962255698772169, 0.10133997515959087, -0.99361351202198]], "fy": 577.9669162687409, "fx": 585.8597671549177}, {"id": 57, "img_name": "0058", "width": 719, "height": 1283, "position": [-4.4101439348240605, 0.48125851167943734, 2.2215287722986274], "rotation": [[-0.993082475708244, 0.11084867171213914, 0.038726843672563294], [0.11410780536395322, 0.9888490232086607, 0.09569230927456947], [-0.027687636161415466, 0.0994493905407775, -0.9946573347263172]], "fy": 577.9669162687409, "fx": 585.8597671549177}, {"id": 58, "img_name": "0059", "width": 719, "height": 1283, "position": [-4.39545071700448, 0.48169262691973247, 2.214543041248655], "rotation": [[-0.9932781813012953, 0.11089636272019728, 0.03317305060167056], [0.11360752014612749, 0.9888923048245918, 0.09584018376940928], [-0.022176246685086044, 0.09896467144459861, -0.9948438108008837]], "fy": 577.9669162687409, "fx": 585.8597671549177}, {"id": 59, "img_name": "0060", "width": 719, "height": 1283, "position": [-4.349335948374854, 0.4835763162830549, 2.1917231551227596], "rotation": [[-0.9937142352267825, 0.11077729086896651, 0.01613724063719847], [0.11182197686579284, 0.9890389562997804, 0.09642504037472457], [-0.005278654892730473, 0.09762343340189161, -0.9952094257257361]], "fy": 577.9669162687409, "fx": 585.8597671549177}, {"id": 60, "img_name": "0061", "width": 719, "height": 1283, "position": [-4.316794181455946, 0.4834637004972906, 2.1744641569428014], "rotation": [[-0.9938444073860959, 0.11068808606584703, 0.004630497863005583], [0.11061462039271888, 0.9891331599335562, 0.09685038810058016], [0.006140005110287414, 0.09676641733028014, -0.9952881797822714]], "fy": 577.9669162687409, "fx": 585.8597671549177}, {"id": 61, "img_name": "0062", "width": 719, "height": 1283, "position": [-4.248817560642667, 0.4750186340146867, 2.1321577152483355], "rotation": [[-0.9937090699115055, 0.11038550431491405, -0.01890303713038546], [0.1080641119680765, 0.9894083804612077, 0.09691854506584867], [0.02940122582753419, 0.09426609735356613, -0.995112793008695]], "fy": 577.9669162687409, "fx": 585.8597671549177}, {"id": 62, "img_name": "0063", "width": 719, "height": 1283, "position": [-4.232864625649257, 0.47080932760607497, 2.1202961785438785], "rotation": [[-0.9935949881012002, 0.11020147551292997, -0.024992687229427168], [0.10730912722084766, 0.9894925944663545, 0.09689766102100943], [0.03540834414759897, 0.09359508689571056, -0.9949805067807653]], "fy": 577.9669162687409, "fx": 585.8597671549177}, {"id": 63, "img_name": "0064", "width": 719, "height": 1283, "position": [-4.189348620323377, 0.45621721247412, 2.0851168473015065], "rotation": [[-0.9930798725582267, 0.10940113223136567, -0.04270549128895389], [0.10487375193585181, 0.9897644876698111, 0.09678716393517292], [0.05285700402626975, 0.09163869932627733, -0.9943884984809281]], "fy": 577.9669162687409, "fx": 585.8597671549177}, {"id": 64, "img_name": "0065", "width": 719, "height": 1283, "position": [-4.161394534636934, 0.44641271449089404, 2.0636433181263767], "rotation": [[-0.9925915620305669, 0.10874685456153332, -0.0541859078422812], [0.1031675650380759, 0.9899354591758888, 0.09687228804119763], [0.06417510817937011, 0.09056438753282163, -0.993820731923505]], "fy": 577.9669162687409, "fx": 585.8597671549177}, {"id": 65, "img_name": "0066", "width": 719, "height": 1283, "position": [-4.132119114234013, 0.43887719624016197, 2.0424953151929217], "rotation": [[-0.9920144974932931, 0.10783031499147186, -0.06542063842526055], [0.10121309138989601, 0.9901055935753468, 0.09719477198960219], [0.07525388291928384, 0.0897971978385192, -0.9931129424017794]], "fy": 577.9669162687409, "fx": 585.8597671549177}, {"id": 66, "img_name": "0067", "width": 719, "height": 1283, "position": [-4.071758928232797, 0.43049738630072815, 2.0035617049736887], "rotation": [[-0.9906092858533599, 0.10586175042374237, -0.08652475124677833], [0.09728551842101905, 0.9904237318009517, 0.0979610095447675], [0.09606649096666925, 0.0886234804253238, -0.9914217609224907]], "fy": 577.9669162687409, "fx": 585.8597671549177}, {"id": 67, "img_name": "0068", "width": 719, "height": 1283, "position": [-4.027384201293816, 0.42696329435503394, 1.9742181189930157], "rotation": [[-0.989529186539454, 0.10469111839763261, -0.09935672455963324], [0.09481697528328435, 0.9905212163602588, 0.09938541713110015], [0.10881971413624919, 0.08892406687082303, -0.9900761486605248]], "fy": 577.9669162687409, "fx": 585.8597671549177}, {"id": 68, "img_name": "0069", "width": 719, "height": 1283, "position": [-4.01243592919015, 0.42621055624629883, 1.9644714909135566], "rotation": [[-0.9891939265406887, 0.10434114556608888, -0.1029966069196951], [0.09406482944186675, 0.9905265124394158, 0.10004516988181124], [0.11245969747908116, 0.08927571616382698, -0.989637642244043]], "fy": 577.9669162687409, "fx": 585.8597671549177}, {"id": 69, "img_name": "0070", "width": 719, "height": 1283, "position": [-3.9460030463521636, 0.4225745118987489, 1.9258829402670652], "rotation": [[-0.9882028810700377, 0.10316248242036312, -0.11319261489047877], [0.09154302624494325, 0.9904125181333442, 0.10345490935999833], [0.12278004801592807, 0.09187244497473716, -0.9881723097029026]], "fy": 577.9669162687409, "fx": 585.8597671549177}, {"id": 70, "img_name": "0071", "width": 719, "height": 1283, "position": [-3.9076860930540933, 0.4190460210636492, 1.907134212024677], "rotation": [[-0.988101095850893, 0.10279369054378368, -0.1144101462399775], [0.09082342557021188, 0.9902801830928734, 0.10533880738473092], [0.12412626533476459, 0.09369426961097511, -0.9878330092156818]], "fy": 577.9669162687409, "fx": 585.8597671549177}, {"id": 71, "img_name": "0072", "width": 719, "height": 1283, "position": [-3.8668968132431165, 0.4124117332886068, 1.887718414544634], "rotation": [[-0.9882005129681011, 0.10220767956963912, -0.11407601152990633], [0.08996776454191689, 0.9901007435117466, 0.10773262755923511], [0.12395784570938442, 0.09619827407223394, -0.9876134590783031]], "fy": 577.9669162687409, "fx": 585.8597671549177}, {"id": 72, "img_name": "0073", "width": 719, "height": 1283, "position": [-3.8238831287097574, 0.40541466561271433, 1.8680510387209164], "rotation": [[-0.9885143098105886, 0.1017202769747882, -0.11176960477637393], [0.08953834381365916, 0.9899916818173604, 0.10908416438485073], [0.12174705042341445, 0.0978235921677718, -0.987728809202501]], "fy": 577.9669162687409, "fx": 585.8597671549177}, {"id": 73, "img_name": "0074", "width": 719, "height": 1283, "position": [-3.782356292268559, 0.39911805592255123, 1.8497794188994985], "rotation": [[-0.9889741671971309, 0.1011945469187242, -0.10811919482985066], [0.08913695448796993, 0.9898069547808516, 0.11107112861615785], [0.11825692352395549, 0.10020906117398579, -0.9879136825134457]], "fy": 577.9669162687409, "fx": 585.8597671549177}, {"id": 74, "img_name": "0075", "width": 719, "height": 1283, "position": [-3.6994848146003068, 0.3932260272131752, 1.8084243372402542], "rotation": [[-0.9903020495487038, 0.09945187002563353, -0.0970112169186675], [0.08820110097474985, 0.9895488807377046, 0.11407707226957625], [0.1073425192851288, 0.10441426233595025, -0.9887240491534331]], "fy": 577.9669162687409, "fx": 585.8597671549177}, {"id": 75, "img_name": "0076", "width": 719, "height": 1283, "position": [-3.639100417571564, 0.3927869292489382, 1.7773658423247112], "rotation": [[-0.991475797143327, 0.09820656281466791, -0.08562251280552369], [0.08799563653598184, 0.9893649791144944, 0.11581755502687548], [0.09608595958635559, 0.10729589517733026, -0.9895731803401222]], "fy": 577.9669162687409, "fx": 585.8597671549177}, {"id": 76, "img_name": "0077", "width": 719, "height": 1283, "position": [-3.6194053228528547, 0.3936606222745756, 1.7659328059433959], "rotation": [[-0.9918944420631929, 0.09769331043269158, -0.08124920246284414], [0.08790880245834759, 0.9893109933328719, 0.11634346101550234], [0.09174670704982117, 0.10825791226246811, -0.9898801776872215]], "fy": 577.9669162687409, "fx": 585.8597671549177}, {"id": 77, "img_name": "0078", "width": 719, "height": 1283, "position": [-3.53816092845274, 0.39739237831921875, 1.716733303609878], "rotation": [[-0.9934869779325816, 0.09547675008785073, -0.062191758867618095], [0.08767192816403055, 0.9891359224055684, 0.11799898312649357], [0.07278226219613486, 0.11177798172962126, -0.9910642890903018]], "fy": 577.9669162687409, "fx": 585.8597671549177}, {"id": 78, "img_name": "0079", "width": 719, "height": 1283, "position": [-3.496175898087869, 0.3983600759808085, 1.68892258108424], "rotation": [[-0.9941977090208285, 0.09423430495876926, -0.051873029087124226], [0.08755832587533509, 0.989069769449481, 0.11863612742777452], [0.0624856379310045, 0.11340585051084535, -0.9915818968306485]], "fy": 577.9669162687409, "fx": 585.8597671549177}, {"id": 79, "img_name": "0080", "width": 719, "height": 1283, "position": [-3.4533660318673394, 0.3966162365843925, 1.6582465585236157], "rotation": [[-0.9948068439110035, 0.09301856019791888, -0.041314534567567875], [0.08752742312436627, 0.9890087866876791, 0.11916614475501372], [0.05194510091468464, 0.11493114161649519, -0.9920143845618835]], "fy": 577.9669162687409, "fx": 585.8597671549177}, {"id": 80, "img_name": "0081", "width": 719, "height": 1283, "position": [-3.410506769515324, 0.391043919576501, 1.6234793099544627], "rotation": [[-0.995309445766688, 0.0919062290748994, -0.030205168843090328], [0.08769578861038178, 0.9889622715267233, 0.11942811292449808], [0.0408479598953327, 0.11621906278203911, -0.9923832795943575]], "fy": 577.9669162687409, "fx": 585.8597671549177}, {"id": 81, "img_name": "0082", "width": 719, "height": 1283, "position": [-3.338549908416998, 0.37302939256894285, 1.5558661692882658], "rotation": [[-0.9959257823017343, 0.08975815916074058, -0.008678076443096146], [0.08807915694188999, 0.9888807375016886, 0.11982048702338978], [0.01933644897810782, 0.1185679546175592, -0.9927576450870194]], "fy": 577.9669162687409, "fx": 585.8597671549177}, {"id": 82, "img_name": "0083", "width": 719, "height": 1283, "position": [-3.3070681154563752, 0.36405875543050126, 1.5240306245239634], "rotation": [[-0.9960293947485828, 0.08900803650785018, 0.0017361548862039492], [0.08857018582329847, 0.9887840406261398, 0.12025574076222258], [0.008987045120508916, 0.11993202424732816, -0.9927414278551793]], "fy": 577.9669162687409, "fx": 585.8597671549177}, {"id": 83, "img_name": "0084", "width": 719, "height": 1283, "position": [-3.2753079768012543, 0.3576954309629837, 1.493457087605241], "rotation": [[-0.996021081117759, 0.08831489670409891, 0.011936707634617611], [0.08911059591634439, 0.9886834431948887, 0.12068285233509157], [-0.0011435315666748196, 0.12126635218577275, -0.992619345047794]], "fy": 577.9669162687409, "fx": 585.8597671549177}, {"id": 84, "img_name": "0085", "width": 719, "height": 1283, "position": [-3.2443856219330707, 0.35345715710055153, 1.465773946185284], "rotation": [[-0.9958932032368438, 0.0878661560209012, 0.021823527963393437], [0.08987321671203748, 0.9885630612766545, 0.12110276131104865], [-0.010933099491430329, 0.12256676754096245, -0.9924000477781476]], "fy": 577.9669162687409, "fx": 585.8597671549177}, {"id": 85, "img_name": "0086", "width": 719, "height": 1283, "position": [-3.182368898131308, 0.3495996256987734, 1.414296432930378], "rotation": [[-0.9953295782707486, 0.08759925429874697, 0.0405635460195045], [0.09195182480693871, 0.9882505544861638, 0.12208891625558677], [-0.029392048823568783, 0.12524860160533963, -0.9916899189070438]], "fy": 577.9669162687409, "fx": 585.8597671549177}, {"id": 86, "img_name": "0087", "width": 719, "height": 1283, "position": [-3.1493987137244934, 0.35100016143982915, 1.387918631052773], "rotation": [[-0.9949208542247688, 0.08775809363803978, 0.04930528196524685], [0.09323178050332222, 0.9880592377768522, 0.12266530784213561], [-0.03795166574520547, 0.12663909208788016, -0.9912225841970718]], "fy": 577.9669162687409, "fx": 585.8597671549177}, {"id": 87, "img_name": "0088", "width": 719, "height": 1283, "position": [-3.1138966149321607, 0.35374389078775953, 1.3601888088244647], "rotation": [[-0.9944569590441408, 0.08802150147366788, 0.0575114935208708], [0.09456461389255184, 0.98786181888927, 0.12323376396156911], [-0.045966187660417004, 0.12798922633997056, -0.9907097796695372]], "fy": 577.9669162687409, "fx": 585.8597671549177}, {"id": 88, "img_name": "0089", "width": 719, "height": 1283, "position": [-3.0746087586799233, 0.3549544256770568, 1.3316351556834927], "rotation": [[-0.9939331282779873, 0.08847635764193627, 0.06533659502874357], [0.09605524269118074, 0.9876462724351472, 0.12380723281172794], [-0.05357543152483445, 0.12933203270410318, -0.9901529671992871]], "fy": 577.9669162687409, "fx": 585.8597671549177}, {"id": 89, "img_name": "0090", "width": 719, "height": 1283, "position": [-3.0335647986313763, 0.35265929425595843, 1.302340386598217], "rotation": [[-0.9933689031668883, 0.08900415699065342, 0.07277693494092655], [0.09759049059296765, 0.9874103817607948, 0.12448628091812143], [-0.06078090462338174, 0.130763137119697, -0.9895487272508505]], "fy": 577.9669162687409, "fx": 585.8597671549177}, {"id": 90, "img_name": "0091", "width": 719, "height": 1283, "position": [-2.9456730171362517, 0.3354698479995724, 1.2404286158036695], "rotation": [[-0.9921587979544065, 0.09057497483173786, 0.0861225497526404], [0.10099317607174219, 0.9869383434541256, 0.12551129274678316], [-0.07362946440527768, 0.13322492317226786, -0.9883470148774336]], "fy": 577.9669162687409, "fx": 585.8597671549177}, {"id": 91, "img_name": "0092", "width": 719, "height": 1283, "position": [-2.890098847187324, 0.32105120247495533, 1.198530667266457], "rotation": [[-0.9912065115142115, 0.09257476548188222, 0.09454926931394679], [0.10421635322642722, 0.9864511801522673, 0.1267005165592603], [-0.0815389676903705, 0.1354399570738759, -0.9874246375171194]], "fy": 577.9669162687409, "fx": 585.8597671549177}, {"id": 92, "img_name": "0093", "width": 719, "height": 1283, "position": [-2.8724342601186126, 0.3180284727900166, 1.1845619395268396], "rotation": [[-0.9909115649598047, 0.093208172464363, 0.09698714870931921], [0.10520957163394218, 0.9863009844229524, 0.12704847170634306], [-0.08381656438623823, 0.13609777629398884, -0.9871434438937021]], "fy": 577.9669162687409, "fx": 585.8597671549177}, {"id": 93, "img_name": "0094", "width": 719, "height": 1283, "position": [-2.8008584163679227, 0.31138870686421166, 1.1321935873907725], "rotation": [[-0.9897575115014013, 0.09652234886604905, 0.10518319540655308], [0.1097504630736274, 0.985651407093124, 0.12824250290160802], [-0.09129569695049573, 0.1384728849440399, -0.9861492563773484]], "fy": 577.9669162687409, "fx": 585.8597671549177}, {"id": 94, "img_name": "0095", "width": 719, "height": 1283, "position": [-2.765936878834923, 0.3127560610528384, 1.105142221984051], "rotation": [[-0.9892256649694674, 0.09835466546595502, 0.10843866260146684], [0.11209648393314287, 0.9852988656049528, 0.12892061017315845], [-0.09416454776369572, 0.13968716912684903, -0.9857081376988754]], "fy": 577.9669162687409, "fx": 585.8597671549177}, {"id": 95, "img_name": "0096", "width": 719, "height": 1283, "position": [-2.7312760813097787, 0.3162811341942908, 1.0759364258453517], "rotation": [[-0.9887353559474914, 0.10027143499567351, 0.1111217135545312], [0.11444977994130084, 0.9849419370262196, 0.1295786578045412], [-0.09645539783119801, 0.14083685601058762, -0.985322960362884]], "fy": 577.9669162687409, "fx": 585.8597671549177}, {"id": 96, "img_name": "0097", "width": 719, "height": 1283, "position": [-2.6961109987850613, 0.31994883555958076, 1.0454827293699653], "rotation": [[-0.9882649235766358, 0.10227791812656158, 0.11345337496858549], [0.11684668399355098, 0.9845742447821811, 0.13023213486428262], [-0.09838339935058824, 0.1419605014618285, -0.9849710263540389]], "fy": 577.9669162687409, "fx": 585.8597671549177}, {"id": 97, "img_name": "0098", "width": 719, "height": 1283, "position": [-2.6597437563256587, 0.32280662671100907, 1.0124295533382137], "rotation": [[-0.9878397114665415, 0.10434501208908438, 0.11525980609834906], [0.11923388056126845, 0.9841992036864032, 0.13090152477855518], [-0.09977968819354649, 0.14305259842162382, -0.9846725181037704]], "fy": 577.9669162687409, "fx": 585.8597671549177}, {"id": 98, "img_name": "0099", "width": 719, "height": 1283, "position": [-2.5857005626197194, 0.31991012351846, 0.9401783336543674], "rotation": [[-0.9871380221105691, 0.10850984729989249, 0.11740587013683532], [0.12378539690942343, 0.9835198801291426, 0.1317794403643197], [-0.10117164037224037, 0.14461762835045663, -0.9843018036937039]], "fy": 577.9669162687409, "fx": 585.8597671549177}, {"id": 99, "img_name": "0100", "width": 719, "height": 1283, "position": [-2.551049626394606, 0.3138676206112873, 0.9006141445577733], "rotation": [[-0.9868303807969842, 0.110806596199536, 0.11784607662010387], [0.1261661913321565, 0.9831808548230123, 0.13205112219980591], [-0.10123187097360248, 0.14518024985569966, -0.9842127835742734]], "fy": 577.9669162687409, "fx": 585.8597671549177}, {"id": 100, "img_name": "0101", "width": 719, "height": 1283, "position": [-2.518133188894648, 0.30753046277604457, 0.8629848046216146], "rotation": [[-0.9866070856265583, 0.11286985996352299, 0.11775760401470135], [0.12821692063866794, 0.9829048304415314, 0.1321306760621545], [-0.10083094690325002, 0.1454595786001018, -0.9842126960876262]], "fy": 577.9669162687409, "fx": 585.8597671549177}, {"id": 101, "img_name": "0102", "width": 719, "height": 1283, "position": [-2.483796700060807, 0.30260412887819577, 0.8271151405027906], "rotation": [[-0.9863940987324088, 0.11490367361720537, 0.11757477525026108], [0.13024039686857172, 0.9826066977748661, 0.1323688653403428], [-0.10